Matrices : Any[[[0.19801591453459236 -0.11776241148828984 0.0509978403336316 0.05492096041842737 0.01995774465642873 -0.0853180037992247 0.06221449227799969 0.07215237309549212 -0.00715192079428456 -0.0329488463894763; -0.11776241148828984 0.2785446710682855 0.051128609416743326 -0.06712449075297995 0.07641725088999747 0.12124478485318421 0.02872374260627191 -0.019770105737394985 -0.11048687528953208 -0.030178379934096188; 0.0509978403336316 0.051128609416743326 0.3845440403818455 -0.005645866509117289 0.1615982664138419 0.047539751296790535 0.06640102471877472 -0.13797677404275394 -0.06645919759000408 0.07263211569902664; 0.05492096041842737 -0.06712449075297995 -0.005645866509117289 0.17413908527402633 0.030437263869164923 0.06323256928561054 -0.04203240492122266 0.028500921386501295 0.060106066881532375 -0.020437515059283855; 0.01995774465642873 0.07641725088999747 0.1615982664138419 0.030437263869164923 0.13448500481986803 0.07094457537031024 0.040661347066216415 -0.04855386094745782 -0.029532995165957438 -0.0018407283294549382; -0.0853180037992247 0.12124478485318421 0.047539751296790535 0.06323256928561054 0.07094457537031024 0.29115817362962415 -0.025970056756154766 0.04696635546277092 0.04182891660935605 0.08774198731964984; 0.06221449227799969 0.02872374260627191 0.06640102471877472 -0.04203240492122266 0.040661347066216415 -0.025970056756154766 0.2440122029076864 0.1229137896703855 -0.125067502173913 -0.01636871675288475; 0.07215237309549212 -0.019770105737394985 -0.13797677404275394 0.028500921386501295 -0.04855386094745782 0.04696635546277092 0.1229137896703855 0.2546782163281951 -0.0035345582188311495 0.022389136517934543; -0.00715192079428456 -0.11048687528953208 -0.06645919759000408 0.060106066881532375 -0.029532995165957438 0.04182891660935605 -0.125067502173913 -0.0035345582188311495 0.1659193830611346 0.05634546278420006; -0.0329488463894763 -0.030178379934096188 0.07263211569902664 -0.020437515059283855 -0.0018407283294549382 0.08774198731964984 -0.01636871675288475 0.022389136517934543 0.05634546278420006 0.17721850976553752], [0.31574449157994733 -0.15238723545967092 -0.13770788091668204 -0.08686945983206429 -0.009150612618421636 0.06612067691629203 -0.024711072696407998 0.05996648670173948 0.03199561897036777 0.03545282556480754; -0.15238723545967092 0.3627964909103889 0.039379964466443644 -0.1231378826790277 -0.04176843537004743 -0.056706571424185774 0.026284167763714544 0.11910113209538496 -0.09804286854014492 0.08621517911081983; -0.13770788091668204 0.039379964466443644 0.19198784006519504 0.07741483775335264 0.12901449136029983 -0.023274902139588632 0.04210774769258683 -0.03271136545428557 0.025457001032606886 0.007131982510284802; -0.08686945983206429 -0.1231378826790277 0.07741483775335264 0.2738326549694123 0.09110335886053618 0.03907353211312744 -0.05894706987377755 -0.09214174396546805 0.1018709593815309 -0.07028501566256753; -0.009150612618421636 -0.04176843537004743 0.12901449136029983 0.09110335886053618 0.3020050631644334 -0.007631976195261262 -0.02076976262200765 0.023839529475012253 0.11085499628464193 -0.04612545970891456; 0.06612067691629203 -0.056706571424185774 -0.023274902139588632 0.03907353211312744 -0.007631976195261262 0.09193045314899581 -0.0272466707498534 0.002718270828161613 0.04674980091030831 -0.00026745813081863347; -0.024711072696407998 0.026284167763714544 0.04210774769258683 -0.05894706987377755 -0.02076976262200765 -0.0272466707498534 0.06018987961463825 -0.022313355244801117 -0.04356814386837117 0.07629112730189917; 0.05996648670173948 0.11910113209538496 -0.03271136545428557 -0.09214174396546805 0.023839529475012253 0.002718270828161613 -0.022313355244801117 0.18983646352572042 0.01769806013917501 -0.0068575682501822504; 0.03199561897036777 -0.09804286854014492 0.025457001032606886 0.1018709593815309 0.11085499628464193 0.04674980091030831 -0.04356814386837117 0.01769806013917501 0.14209334718228467 -0.028632816686637357; 0.03545282556480754 0.08621517911081983 0.007131982510284802 -0.07028501566256753 -0.04612545970891456 -0.00026745813081863347 0.07629112730189917 -0.0068575682501822504 -0.028632816686637357 0.29243369244650064], [0.3124990251572777 0.05064711912588452 0.023715947676959385 -0.1796006499416283 -0.01926727821445178 0.041807689807421916 -0.04439171318816393 -0.006372328136325537 0.1303159080444239 -0.03552002221065229; 0.05064711912588452 0.1120383657186542 0.024809461610793497 -0.11962416763959542 -0.0008993625762031181 0.00027928656471595586 0.012009707153359155 0.037672924779683994 0.0018161626265729397 -0.0005351832083948163; 0.023715947676959385 0.024809461610793497 0.15644758509143405 -0.0477285895244807 0.04679820542858789 -0.023523032978067425 0.06886189074866497 0.020201345222973052 -0.09317480236776202 -0.027934924932335334; -0.1796006499416283 -0.11962416763959542 -0.0477285895244807 0.28294058532980665 0.042802961306903954 0.0011017468959401134 -0.004362919411124821 -0.07087171354249981 -0.15050649832106547 -0.03244314420611372; -0.01926727821445178 -0.0008993625762031181 0.04679820542858789 0.042802961306903954 0.18827581883245448 0.02761112059060101 -0.003362093217950203 0.05513774086150237 -0.011558183823457104 -0.003667805427084429; 0.041807689807421916 0.00027928656471595586 -0.023523032978067425 0.0011017468959401134 0.02761112059060101 0.07460107322755548 0.03366831793515384 0.02260216584970621 0.09896280351165412 0.02939890893189763; -0.04439171318816393 0.012009707153359155 0.06886189074866497 -0.004362919411124821 -0.003362093217950203 0.03366831793515384 0.15944658438689685 0.014680108285456971 -0.09750632840131183 0.01034589766730929; -0.006372328136325537 0.037672924779683994 0.020201345222973052 -0.07087171354249981 0.05513774086150237 0.02260216584970621 0.014680108285456971 0.16177931643172613 0.08563600488478963 0.11023620938180646; 0.1303159080444239 0.0018161626265729397 -0.09317480236776202 -0.15050649832106547 -0.011558183823457104 0.09896280351165412 -0.09750632840131183 0.08563600488478963 0.553315539143754 0.13071345099799342; -0.03552002221065229 -0.0005351832083948163 -0.027934924932335334 -0.03244314420611372 -0.003667805427084429 0.02939890893189763 0.01034589766730929 0.11023620938180646 0.13071345099799342 0.11060799779941231], [0.39453069186630607 0.024142548088679484 0.05016945757254229 -0.10870036199410872 0.05527766782435317 -0.17501690671079048 -0.1011453582342496 -0.012610533061312025 0.14298437362434638 0.04536028282511755; 0.024142548088679484 0.41493321154538404 0.052784898591081965 0.12061189356648828 0.0907235979599695 0.08256302240988081 0.007085134791215067 -0.014248534290426102 -0.04225513665259116 0.04531637082682771; 0.05016945757254229 0.052784898591081965 0.07814302697886359 -0.006324137731613506 0.00639001260553965 0.02624930246943182 0.011657468439235279 0.023632090411695648 0.03284645427814216 -0.022678720478441574; -0.10870036199410872 0.12061189356648828 -0.006324137731613506 0.2155026605074088 0.004486376430677624 0.14284811405505593 0.026796730441966152 -0.05323753199989501 -0.14587517758517268 0.08551655996391934; 0.05527766782435317 0.0907235979599695 0.00639001260553965 0.004486376430677624 0.16220715477820974 -0.015132989148057106 0.0115560628303971 -0.02573103182072732 -0.008279923626859446 -0.014625527283680023; -0.17501690671079048 0.08256302240988081 0.02624930246943182 0.14284811405505593 -0.015132989148057106 0.2160004717725067 0.1317935126290043 -0.011269053915643468 -0.1331788951995683 0.025260823261765115; -0.1011453582342496 0.007085134791215067 0.011657468439235279 0.026796730441966152 0.0115560628303971 0.1317935126290043 0.18615032997540137 -0.05846413647301467 -0.0806164493238113 0.008895974254271844; -0.012610533061312025 -0.014248534290426102 0.023632090411695648 -0.05323753199989501 -0.02573103182072732 -0.011269053915643468 -0.05846413647301467 0.1095175324349274 0.05504152344590127 -0.06454808864968681; 0.14298437362434638 -0.04225513665259116 0.03284645427814216 -0.14587517758517268 -0.008279923626859446 -0.1331788951995683 -0.0806164493238113 0.05504152344590127 0.13884335558448097 -0.04609018728394038; 0.04536028282511755 0.04531637082682771 -0.022678720478441574 0.08551655996391934 -0.014625527283680023 0.025260823261765115 0.008895974254271844 -0.06454808864968681 -0.04609018728394038 0.14337968670338122], [0.2184458779845534 -0.05753848697775572 -0.06557893606947693 -0.16079918558029946 -0.04274081025960472 -0.035446992195995286 0.02642702988841349 0.029625381580079962 -0.001571405254583794 -0.02940859341530784; -0.05753848697775572 0.29162348886774414 0.12251743204852274 0.04986261446438625 -0.004464776606870033 -0.15994008600553922 0.07595329385846918 0.043338225516178344 -0.07170681572189846 -0.02396875334607484; -0.06557893606947693 0.12251743204852274 0.26551745755219525 0.13210183515109702 0.022809710624912057 -0.009469019870435587 -0.05172017275495905 -0.15401089110164837 0.022704961420157713 -0.027603400842748302; -0.16079918558029946 0.04986261446438625 0.13210183515109702 0.237370984162043 0.07943402343235584 0.08117536776108945 -0.018890696866678106 -0.121366994907856 0.03875217492292363 0.0086518182514807; -0.04274081025960472 -0.004464776606870033 0.022809710624912057 0.07943402343235584 0.1156899706474764 0.035571592762517014 -0.05077989384984039 -0.03610650939495966 0.032084469359621726 0.026151807291458856; -0.035446992195995286 -0.15994008600553922 -0.009469019870435587 0.08117536776108945 0.035571592762517014 0.16611512087676192 -0.02829882466934094 -0.06393773378990135 0.11637819908291422 0.04759882728578732; 0.02642702988841349 0.07595329385846918 -0.05172017275495905 -0.018890696866678106 -0.05077989384984039 -0.02829882466934094 0.1827159645277558 0.17126725021283334 -0.005249658329805049 -0.003344267802995918; 0.029625381580079962 0.043338225516178344 -0.15401089110164837 -0.121366994907856 -0.03610650939495966 -0.06393773378990135 0.17126725021283334 0.3699324898708355 -0.044596924495845514 0.033700944557790574; -0.001571405254583794 -0.07170681572189846 0.022704961420157713 0.03875217492292363 0.032084469359621726 0.11637819908291422 -0.005249658329805049 -0.044596924495845514 0.21704720275380804 0.06526077075676275; -0.02940859341530784 -0.02396875334607484 -0.027603400842748302 0.0086518182514807 0.026151807291458856 0.04759882728578732 -0.003344267802995918 0.033700944557790574 0.06526077075676275 0.1092708050364476], [0.19080405682757484 0.0853667920919641 -0.042269790156327425 -0.09817090229374166 -0.14017376511862398 0.038822057306581496 0.006358545950920286 0.04952035185410314 -0.06667041902167932 -0.06866283275994343; 0.0853667920919641 0.2493510804285345 0.172513914228289 0.010130685618927708 -0.04147834111139422 -0.12119204161630422 0.0002406181976653331 0.1250942575098904 -0.019574625399027087 -0.12303599190624473; -0.042269790156327425 0.172513914228289 0.2695720867212642 0.11141769723798468 0.03612708425838964 -0.0759774379377976 -0.02666970631496811 0.11386694484812786 -0.05091016453398857 0.022569601667710198; -0.09817090229374166 0.010130685618927708 0.11141769723798468 0.18003731736294165 0.0922403814112088 -0.05061152796253445 0.050555417451320236 -0.009487618478083198 0.028618344623695575 0.023298484381360524; -0.14017376511862398 -0.04147834111139422 0.03612708425838964 0.0922403814112088 0.1973850055534478 -0.11543040798822501 0.061627056264522175 -0.0006386485058305448 0.06388146471991565 0.07874328146789472; 0.038822057306581496 -0.12119204161630422 -0.0759774379377976 -0.05061152796253445 -0.11543040798822501 0.3008960150174504 -0.08666477079794357 -0.0531204531542563 -0.011306051311990967 0.15348055320253234; 0.006358545950920286 0.0002406181976653331 -0.02666970631496811 0.050555417451320236 0.061627056264522175 -0.08666477079794357 0.18871111980121402 -0.010944823585207517 0.03584367651648899 0.007990439073754654; 0.04952035185410314 0.1250942575098904 0.11386694484812786 -0.009487618478083198 -0.0006386485058305448 -0.0531204531542563 -0.010944823585207517 0.13301767364517036 -0.020384682316948198 -0.008689460317186008; -0.06667041902167932 -0.019574625399027087 -0.05091016453398857 0.028618344623695575 0.06388146471991565 -0.011306051311990967 0.03584367651648899 -0.020384682316948198 0.18697045403266876 -0.018946778937804484; -0.06866283275994343 -0.12303599190624473 0.022569601667710198 0.023298484381360524 0.07874328146789472 0.15348055320253234 0.007990439073754654 -0.008689460317186008 -0.018946778937804484 0.300795226854359], [0.13031062371811297 -0.026753838781713835 0.038220404456534504 0.021600866605052838 -0.07029550620402175 0.04269065085251286 0.07051832943527711 0.00995128922351766 -0.02958790948994926 -0.07192910790886196; -0.026753838781713835 0.3105135840673062 -0.021999939449056455 0.004598268251050245 0.12474407941974805 0.03288901148117561 -0.006867081001833389 -0.10931963284987642 -0.055468063104805676 -0.014818008445822102; 0.038220404456534504 -0.021999939449056455 0.22782410187837535 -0.003084345985603677 -0.011423122355150564 0.016458591062437168 -0.040985053701996746 -0.011196788008214402 0.05822177800634004 -0.06881076150234933; 0.021600866605052838 0.004598268251050245 -0.003084345985603677 0.1027966425727206 0.006804835950644459 -0.051846984359925095 -0.013938949718850326 0.031148480507426777 0.0007094526121982682 -0.030529351156184378; -0.07029550620402175 0.12474407941974805 -0.011423122355150564 0.006804835950644459 0.17581094370044606 -0.01769124044660496 -0.07536868817129531 -0.06604539203233153 0.027897853767485097 -0.08631569798483392; 0.04269065085251286 0.03288901148117561 0.016458591062437168 -0.051846984359925095 -0.01769124044660496 0.19467313147356788 0.06234351098758794 -0.15569038964761028 0.04165238094039409 -0.037855537119107475; 0.07051832943527711 -0.006867081001833389 -0.040985053701996746 -0.013938949718850326 -0.07536868817129531 0.06234351098758794 0.5312192446273415 0.048003478796821854 -0.1449040538077267 -0.0027153117635018093; 0.00995128922351766 -0.10931963284987642 -0.011196788008214402 0.031148480507426777 -0.06604539203233153 -0.15569038964761028 0.048003478796821854 0.27925287438501545 -0.010423926508284049 0.10294228141833507; -0.02958790948994926 -0.055468063104805676 0.05822177800634004 0.0007094526121982682 0.027897853767485097 0.04165238094039409 -0.1449040538077267 -0.010423926508284049 0.17051540350232103 0.005747214073059763; -0.07192910790886196 -0.014818008445822102 -0.06881076150234933 -0.030529351156184378 -0.08631569798483392 -0.037855537119107475 -0.0027153117635018093 0.10294228141833507 0.005747214073059763 0.2488649346695438], [0.09793891561183761 -0.028323675089478615 0.007065935322051714 0.027399487491701884 -0.023813752606747788 0.09637886294116786 -0.013746533859874838 0.03840616294683142 -0.030477467695870845 0.021494951864193784; -0.028323675089478615 0.16888655548389617 0.01712008346871719 -0.03657763626308949 -0.00225248872075702 -0.013785659263693337 0.12371642459189708 0.01603180797021946 -0.04538994952622782 0.0026349261629333505; 0.007065935322051714 0.01712008346871719 0.09859814562838862 0.0374129728447247 0.04140763226412523 0.01483440066477724 0.06182717708527353 0.03154589412274681 -0.07372774257431985 0.08257620360225769; 0.027399487491701884 -0.03657763626308949 0.0374129728447247 0.13743854817193654 -0.02534849106391551 0.0784456835512898 0.007792422773957191 0.01912682355614859 0.012176809371512873 0.08288467490791124; -0.023813752606747788 -0.00225248872075702 0.04140763226412523 -0.02534849106391551 0.2614316267717346 -0.16528429811266931 0.0029095966091475414 -0.13788702632516744 -0.023322474077044752 -0.05913053229963814; 0.09637886294116786 -0.013785659263693337 0.01483440066477724 0.0784456835512898 -0.16528429811266931 0.29970699031894416 0.04203774313454995 0.06114725355906485 -0.08959274630243308 0.05571872406335101; -0.013746533859874838 0.12371642459189708 0.06182717708527353 0.007792422773957191 0.0029095966091475414 0.04203774313454995 0.3900301643533791 0.09209625210923682 -0.08367170002275458 0.1220946053017117; 0.03840616294683142 0.01603180797021946 0.03154589412274681 0.01912682355614859 -0.13788702632516744 0.06114725355906485 0.09209625210923682 0.38461543834381867 0.08539372116111422 0.18451305499371365; -0.030477467695870845 -0.04538994952622782 -0.07372774257431985 0.012176809371512873 -0.023322474077044752 -0.08959274630243308 -0.08367170002275458 0.08539372116111422 0.168846155838988 0.002778512045422581; 0.021494951864193784 0.0026349261629333505 0.08257620360225769 0.08288467490791124 -0.05913053229963814 0.05571872406335101 0.1220946053017117 0.18451305499371365 0.002778512045422581 0.1783289915913579], [0.1998308524804155 -0.011843410086068915 0.0994057554626808 -0.05219039371036765 0.19173045061009175 0.003702310229399329 -0.016863191142873126 -0.021400425941075236 -0.07904810090548628 0.023459980254445276; -0.011843410086068915 0.2869549861392921 -0.00353634902858624 0.016931731878482868 0.04168983221870994 -0.0425884354149109 -0.013498735055425962 0.038889155357054575 -0.04376118924072909 -0.09264151873066538; 0.0994057554626808 -0.00353634902858624 0.25417257789477365 0.10593854321618745 0.10955006569363031 0.020533074520430995 0.09781253329823394 0.024309377985953222 -0.005266466572665929 0.016428246592334064; -0.05219039371036765 0.016931731878482868 0.10593854321618745 0.32556579049571227 -0.013395486142684512 0.14613227330731648 0.1014114619680183 -0.00267514896533166 -0.046784425222968905 0.07253778043301753; 0.19173045061009175 0.04168983221870994 0.10955006569363031 -0.013395486142684512 0.28306843213917027 -0.06422569180487915 -0.0476534045848885 -0.02584478691936413 -0.12417761409908439 0.019411341483879154; 0.003702310229399329 -0.0425884354149109 0.020533074520430995 0.14613227330731648 -0.06422569180487915 0.2700170448071632 0.07544969625004501 -0.07858511643668165 -0.03767974615364706 0.10103989560975365; -0.016863191142873126 -0.013498735055425962 0.09781253329823394 0.1014114619680183 -0.0476534045848885 0.07544969625004501 0.2659236320741906 -0.024574177412307944 0.053398112048156386 0.06203526918577653; -0.021400425941075236 0.038889155357054575 0.024309377985953222 -0.00267514896533166 -0.02584478691936413 -0.07858511643668165 -0.024574177412307944 0.16677845367266694 0.025388022908531406 -0.04533839860976056; -0.07904810090548628 -0.04376118924072909 -0.005266466572665929 -0.046784425222968905 -0.12417761409908439 -0.03767974615364706 0.053398112048156386 0.025388022908531406 0.17658474912452932 -0.06276156060842648; 0.023459980254445276 -0.09264151873066538 0.016428246592334064 0.07253778043301753 0.019411341483879154 0.10103989560975365 0.06203526918577653 -0.04533839860976056 -0.06276156060842648 0.10398669364651351], [0.29362297135103443 0.08266627637632105 -0.022268230860080795 0.03586450162413044 0.1417790654433592 -0.041964979331649034 -0.03612047489894141 0.11378386818681985 -0.11268350691384688 0.10660689831646679; 0.08266627637632105 0.22812301349403016 -0.04609714582274652 0.19218931424902455 0.13346404090491 -0.017469388304942938 0.07044644556702938 0.05985045589195816 0.05315106320284245 0.057878899525533656; -0.022268230860080795 -0.04609714582274652 0.09053259452224904 -0.019249366048548124 -0.02705303465766365 0.03760490463257165 0.0054112120448773626 -0.017893664210371772 -0.0661834203796602 -0.07463974143872121; 0.03586450162413044 0.19218931424902455 -0.019249366048548124 0.21401127717601742 0.09337349165230217 0.06034800777612391 0.11585126601054117 0.015387009959999023 0.019482406050656518 0.03855910952860071; 0.1417790654433592 0.13346404090491 -0.02705303465766365 0.09337349165230217 0.18082997343839632 -0.026339414156358612 0.05216110369339977 0.08537133432073461 0.05893902039031442 0.0831640361539052; -0.041964979331649034 -0.017469388304942938 0.03760490463257165 0.06034800777612391 -0.026339414156358612 0.17008505196082238 0.11714341518527263 -0.00021207712273067618 -0.017447451214385488 0.01700574816589928; -0.03612047489894141 0.07044644556702938 0.0054112120448773626 0.11585126601054117 0.05216110369339977 0.11714341518527263 0.2516173883333702 -0.03088930727160091 0.04425150026205079 -0.01712094077555916; 0.11378386818681985 0.05985045589195816 -0.017893664210371772 0.015387009959999023 0.08537133432073461 -0.00021207712273067618 -0.03088930727160091 0.16284767225809788 0.0702272132706115 0.08880828670390117; -0.11268350691384688 0.05315106320284245 -0.0661834203796602 0.019482406050656518 0.05893902039031442 -0.017447451214385488 0.04425150026205079 0.0702272132706115 0.3171986556820542 0.11988929376182934; 0.10660689831646679 0.057878899525533656 -0.07463974143872121 0.03855910952860071 0.0831640361539052 0.01700574816589928 -0.01712094077555916 0.08880828670390117 0.11988929376182934 0.24753330579142693]], [[0.15367562435926926 0.006634899025198545 -0.007397776890444728 0.08804446653432176 0.02327075526590539 0.03763239336710883 0.002344716007515656 -0.015468561914246337 -0.023726810424465596 -0.0011709231985767505; 0.006634899025198545 0.17908287413298196 -0.02204587144165805 0.039443925862743145 -0.0576745550071927 -0.014510289220870012 0.1796362356401864 0.047648309633857154 -0.01885857016272224 -0.10610956221656932; -0.007397776890444728 -0.02204587144165805 0.10151960222989669 -0.04802332108598813 -0.03519046936885988 -0.022592775726736933 0.012037649649613626 -0.09959384671236218 0.03769809453697313 0.016031636525258797; 0.08804446653432176 0.039443925862743145 -0.04802332108598813 0.25084690381334235 0.044572968760763484 0.004115191305880286 -0.05015194267269931 0.10805221770445499 -0.13170558886605466 0.09028371514783416; 0.02327075526590539 -0.0576745550071927 -0.03519046936885988 0.044572968760763484 0.1371051546987416 0.00017627922297993904 -0.15025082005160267 0.09810887379823538 -0.023432885681580272 -0.019233134587430502; 0.03763239336710883 -0.014510289220870012 -0.022592775726736933 0.004115191305880286 0.00017627922297993904 0.11002460717025495 -0.01626084060666131 0.06518188450219631 -0.031655918754891835 0.04215797025657839; 0.002344716007515656 0.1796362356401864 0.012037649649613626 -0.05015194267269931 -0.15025082005160267 -0.01626084060666131 0.3883021847247396 -0.03307344814468818 -0.05179102941752378 -0.09609993858398028; -0.015468561914246337 0.047648309633857154 -0.09959384671236218 0.10805221770445499 0.09810887379823538 0.06518188450219631 -0.03307344814468818 0.39568310587302674 -0.18358482383321695 0.016905262262407277; -0.023726810424465596 -0.01885857016272224 0.03769809453697313 -0.13170558886605466 -0.023432885681580272 -0.031655918754891835 -0.05179102941752378 -0.18358482383321695 0.21975789706074583 -0.054232007520939096; -0.0011709231985767505 -0.10610956221656932 0.016031636525258797 0.09028371514783416 -0.019233134587430502 0.04215797025657839 -0.09609993858398028 0.016905262262407277 -0.054232007520939096 0.2532902407019147], [0.467461560782309 0.004866089176490653 -0.03775691903473874 0.16349674678808332 0.07541488219334849 0.12127948861323927 0.12685638590146178 0.1902521440174825 -0.049655103679487965 -0.15769403255988726; 0.004866089176490653 0.12491127427356098 0.09509628206088319 -0.02395688708672654 -0.018630502305396764 0.06819709989599576 -0.024773936520832388 0.0893941638074748 8.435420982362652e-5 -0.06953246214984188; -0.03775691903473874 0.09509628206088319 0.2759127567863353 -0.04358956789561082 0.06682090484026444 -0.03929551249361389 -0.01483491490485447 0.11641809989414661 0.009795302459845672 0.013834103823063054; 0.16349674678808332 -0.02395688708672654 -0.04358956789561082 0.15758223836602558 0.08584532812103271 0.022811526101819236 0.12274730159187484 0.004029332396502106 0.008074538886988433 -0.048326533449269925; 0.07541488219334849 -0.018630502305396764 0.06682090484026444 0.08584532812103271 0.1093925875617906 -0.027368668442751567 0.09377439147906312 0.019399013298429888 0.02988522117516901 0.010835607035447177; 0.12127948861323927 0.06819709989599576 -0.03929551249361389 0.022811526101819236 -0.027368668442751567 0.24358724662517595 0.026896584901269515 0.06599226560822204 0.04684456495168132 -0.06217465848561759; 0.12685638590146178 -0.024773936520832388 -0.01483491490485447 0.12274730159187484 0.09377439147906312 0.026896584901269515 0.16679452964783362 -0.03183667643247358 0.010914160809984716 -0.0593561610759064; 0.1902521440174825 0.0893941638074748 0.11641809989414661 0.004029332396502106 0.019399013298429888 0.06599226560822204 -0.03183667643247358 0.25384226420140105 -0.00882759846507529 -0.04810352990307281; -0.049655103679487965 8.435420982362652e-5 0.009795302459845672 0.008074538886988433 0.02988522117516901 0.04684456495168132 0.010914160809984716 -0.00882759846507529 0.07858291033480674 0.0528558417805901; -0.15769403255988726 -0.06953246214984188 0.013834103823063054 -0.048326533449269925 0.010835607035447177 -0.06217465848561759 -0.0593561610759064 -0.04810352990307281 0.0528558417805901 0.15547328806155378], [0.35492204459805166 -0.06844044469842349 0.13228140839691235 0.02015382828950845 -0.06147140838228889 0.14624386875684137 -0.07543563761275095 -0.044376340403570115 -0.0502357708345797 -0.1669410229416593; -0.06844044469842349 0.2449223975230156 0.028951718138654443 -0.1990151628108359 0.08696645715848349 -0.07564090636459568 -0.04517469449839099 -0.01758442287930743 -0.018757736431331426 0.13111707232609005; 0.13228140839691235 0.028951718138654443 0.26788767032285427 -0.032993212825529576 0.07212035572344368 0.0773180167173774 -0.10162557819151062 -0.0033519586279096634 0.04178685454061628 -0.08393369270210017; 0.02015382828950845 -0.1990151628108359 -0.032993212825529576 0.2684748762212461 -0.030225186151261355 0.10366771581059843 0.040521350669783476 0.06980313896893345 0.010227724642440669 -0.08616941139288244; -0.06147140838228889 0.08696645715848349 0.07212035572344368 -0.030225186151261355 0.1859134638729728 -0.05316445270905089 -0.03587983361060145 -0.026530229780987992 8.530428149323753e-5 0.027306006844804095; 0.14624386875684137 -0.07564090636459568 0.0773180167173774 0.10366771581059843 -0.05316445270905089 0.23869241233632255 -0.0008444591372704888 0.06562241067007729 -0.056669647905972044 0.004055849956895277; -0.07543563761275095 -0.04517469449839099 -0.10162557819151062 0.040521350669783476 -0.03587983361060145 -0.0008444591372704888 0.1357161340118652 0.02415141597244573 -0.06118810844345362 0.021615070949508756; -0.044376340403570115 -0.01758442287930743 -0.0033519586279096634 0.06980313896893345 -0.026530229780987992 0.06562241067007729 0.02415141597244573 0.0867462783056277 -0.010676409195375226 0.037710982369685356; -0.0502357708345797 -0.018757736431331426 0.04178685454061628 0.010227724642440669 8.530428149323753e-5 -0.056669647905972044 -0.06118810844345362 -0.010676409195375226 0.16103675056941116 -0.046670581456751244; -0.1669410229416593 0.13111707232609005 -0.08393369270210017 -0.08616941139288244 0.027306006844804095 0.004055849956895277 0.021615070949508756 0.037710982369685356 -0.046670581456751244 0.22473365135565537], [0.18229922679813593 0.17045753579051767 -0.1170703257719896 -0.08173679308065894 -0.013204684718485198 0.06434865244401883 0.0016344049696107388 0.04497026763120411 0.13892134292880204 -0.07429462940030487; 0.17045753579051767 0.393970430074313 -0.16304706906777525 -0.10345609796886687 -0.07288452034047518 -0.005079729197517681 0.02309678880138143 0.010399546576727998 0.1698816848790866 0.029030900832076028; -0.1170703257719896 -0.16304706906777525 0.1466063443321156 0.048849918141518754 -0.03422497773398228 -0.05314823024086522 0.03535929399021002 0.02631443703419725 -0.11581471812209912 -0.0216177515646925; -0.08173679308065894 -0.10345609796886687 0.048849918141518754 0.3451017942485382 -0.02579997997561441 -0.08691300162631808 -0.008510187539166558 0.06635255466354657 -0.04947307308023904 -0.011951373283255896; -0.013204684718485198 -0.07288452034047518 -0.03422497773398228 -0.02579997997561441 0.18459464177376356 0.09036237386737121 0.0032502828515607184 0.042822539475144986 0.02916471270321876 -0.004035230669507412; 0.06434865244401883 -0.005079729197517681 -0.05314823024086522 -0.08691300162631808 0.09036237386737121 0.14426082266739929 -0.014640999264561175 0.016935090220865937 0.03615426101917853 -0.08225125595794879; 0.0016344049696107388 0.02309678880138143 0.03535929399021002 -0.008510187539166558 0.0032502828515607184 -0.014640999264561175 0.06503595784958624 0.0726985200996165 0.014354188617485504 -0.023671373761301732; 0.04497026763120411 0.010399546576727998 0.02631443703419725 0.06635255466354657 0.042822539475144986 0.016935090220865937 0.0726985200996165 0.2090722251028542 0.03197726200331931 -0.14172480333091525; 0.13892134292880204 0.1698816848790866 -0.11581471812209912 -0.04947307308023904 0.02916471270321876 0.03615426101917853 0.014354188617485504 0.03197726200331931 0.22124434047518413 0.010653630719953273; -0.07429462940030487 0.029030900832076028 -0.0216177515646925 -0.011951373283255896 -0.004035230669507412 -0.08225125595794879 -0.023671373761301732 -0.14172480333091525 0.010653630719953273 0.20885344645994675], [0.07854604357133975 0.01322371442368877 -0.013295346425261636 0.05474539393075718 -0.009240470920756106 -0.062483449965349915 0.01360423237009581 -0.022135126970254007 -0.04926891675049474 0.003169844286760598; 0.01322371442368877 0.128573710762795 0.0032250503811443168 0.05089675338457294 0.09418646191862529 0.030082759072095015 -0.02659490208111169 -0.06846781932790853 -0.03874855748741782 0.037543328682271525; -0.013295346425261636 0.0032250503811443168 0.07349668256139233 -0.0929453067254105 -0.012716179384715132 0.07237243239361404 -0.04261953389585725 -0.0445703673775422 -0.017197883191674625 0.09248789298996792; 0.05474539393075718 0.05089675338457294 -0.0929453067254105 0.4877719697581408 -0.06823674409716268 -0.015305621145435844 -0.05133696578419826 -0.09004829143080549 -0.08801500502885307 -0.15930414272363272; -0.009240470920756106 0.09418646191862529 -0.012716179384715132 -0.06823674409716268 0.33493590900803816 0.0134679844697449 -0.005854735512308576 -0.0030467092116235944 0.031254436226584185 0.0027239181100034097; -0.062483449965349915 0.030082759072095015 0.07237243239361404 -0.015305621145435844 0.0134679844697449 0.24129344160468372 -0.07837820108006122 -0.09764346497480583 -0.03812250779096842 0.018354705622692515; 0.01360423237009581 -0.02659490208111169 -0.04261953389585725 -0.05133696578419826 -0.005854735512308576 -0.07837820108006122 0.27428564620739004 0.030224727787697536 0.1800118690978839 -0.07364971898316112; -0.022135126970254007 -0.06846781932790853 -0.0445703673775422 -0.09004829143080549 -0.0030467092116235944 -0.09764346497480583 0.030224727787697536 0.2560446550895527 0.04706606511825641 -0.06853779366967055; -0.04926891675049474 -0.03874855748741782 -0.017197883191674625 -0.08801500502885307 0.031254436226584185 -0.03812250779096842 0.1800118690978839 0.04706606511825641 0.20708953803129523 -0.046088585449473626; 0.003169844286760598 0.037543328682271525 0.09248789298996792 -0.15930414272363272 0.0027239181100034097 0.018354705622692515 -0.07364971898316112 -0.06853779366967055 -0.046088585449473626 0.18388741151431484], [0.16384577479081433 0.1282528061538719 -0.07752061535620555 0.0454876877248324 0.030063641233661866 0.07974652500322027 0.10939132721436984 -0.0558829273862809 0.038763346590443726 0.09197504608804005; 0.1282528061538719 0.2793138488802638 0.019474940286637554 0.043756552356607574 -0.01895570247694521 0.06051443676376986 0.06678163873005544 -0.05032188564636448 0.018223810438368238 0.037298548245267016; -0.07752061535620555 0.019474940286637554 0.21364744693900747 -0.03370044738707983 -0.052453329765569205 -0.05220991599405596 -0.09873523866641624 0.05228906112997756 -0.06743769188651208 -0.09302138681427326; 0.0454876877248324 0.043756552356607574 -0.03370044738707983 0.11761534673645012 0.03732953286008243 -0.02557168905353484 -0.04212665341346085 0.06107316284597769 0.00704003805682526 0.003530460270441172; 0.030063641233661866 -0.01895570247694521 -0.052453329765569205 0.03732953286008243 0.22775580073542293 -0.039714579291475 0.14085329620714251 -0.1890068159122136 -0.05949188591705072 -0.059344684932507455; 0.07974652500322027 0.06051443676376986 -0.05220991599405596 -0.02557168905353484 -0.039714579291475 0.12196220512199163 0.06519562477274723 -0.04705946270976085 0.012156341438101192 0.06566174253587838; 0.10939132721436984 0.06678163873005544 -0.09873523866641624 -0.04212665341346085 0.14085329620714251 0.06519562477274723 0.3004569823356002 -0.23681207123643483 -0.000921845125109743 0.10185768767814177; -0.0558829273862809 -0.05032188564636448 0.05228906112997756 0.06107316284597769 -0.1890068159122136 -0.04705946270976085 -0.23681207123643483 0.3269740195036037 0.0544923965492523 0.05376388895059333; 0.038763346590443726 0.018223810438368238 -0.06743769188651208 0.00704003805682526 -0.05949188591705072 0.012156341438101192 -0.000921845125109743 0.0544923965492523 0.0863375012902196 0.07619667115400802; 0.09197504608804005 0.037298548245267016 -0.09302138681427326 0.003530460270441172 -0.059344684932507455 0.06566174253587838 0.10185768767814177 0.05376388895059333 0.07619667115400802 0.18495971449460924], [0.40005522767457186 0.025076221509573587 -0.03730596745863736 0.09339669395428128 0.08750430247623261 0.0327417635439233 -0.005471221910090856 -0.07269031639196268 0.05594410600261927 -0.02736444502549521; 0.025076221509573587 0.11306577147482176 0.07548289772744833 -0.029291360017625154 0.010272137792580054 0.1011647327457249 0.027038262126711184 0.05223135094688277 0.07194936164323687 0.0035325668064037237; -0.03730596745863736 0.07548289772744833 0.2929494585374702 -0.05184158841375546 -0.043439490148131914 -0.01345222620834296 0.1680302746654466 0.21202595668626287 0.09724837907767055 -0.05047573644756938; 0.09339669395428128 -0.029291360017625154 -0.05184158841375546 0.1166457818279147 0.060516961355247964 -0.01591659296726134 -0.05590513229201583 -0.028665914710364507 -0.013608889123496039 -0.06345375715553209; 0.08750430247623261 0.010272137792580054 -0.043439490148131914 0.060516961355247964 0.1303646540240921 0.10454587357627197 -0.023502890009928896 -0.022457089592964236 -0.017488289043714467 -0.024678379840817388; 0.0327417635439233 0.1011647327457249 -0.01345222620834296 -0.01591659296726134 0.10454587357627197 0.23461806565720741 0.008895415666668195 -0.004499856611944466 0.039767108395023024 0.02132763773461441; -0.005471221910090856 0.027038262126711184 0.1680302746654466 -0.05590513229201583 -0.023502890009928896 0.008895415666668195 0.33855580942961444 0.15079012667354988 0.0033785803154875414 -0.030380730665331448; -0.07269031639196268 0.05223135094688277 0.21202595668626287 -0.028665914710364507 -0.022457089592964236 -0.004499856611944466 0.15079012667354988 0.21507203026966523 0.07906238722708127 -0.022692450031387736; 0.05594410600261927 0.07194936164323687 0.09724837907767055 -0.013608889123496039 -0.017488289043714467 0.039767108395023024 0.0033785803154875414 0.07906238722708127 0.15640124300763414 0.08559642797199127; -0.02736444502549521 0.0035325668064037237 -0.05047573644756938 -0.06345375715553209 -0.024678379840817388 0.02132763773461441 -0.030380730665331448 -0.022692450031387736 0.08559642797199127 0.22869055613467362], [0.17842850080355405 -0.00881671430280888 0.07083801311223423 0.015495380827892202 -0.09136380145464014 0.15858984408112067 0.021917671366589387 0.022263739936430747 0.10482100215340999 -0.04704464890810211; -0.00881671430280888 0.10534591425830825 -0.05849930161236354 0.09071181813623574 0.06157389130960892 0.015057368695573389 -0.013045326069906542 0.05766178751601488 0.018907027693585002 -0.04516019474111862; 0.07083801311223423 -0.05849930161236354 0.1957132371981717 0.04197498213225407 0.044078736499089895 0.012612387270621769 0.08948645222961574 -0.028591192851222646 -0.026852686466222103 -0.042176775395669955; 0.015495380827892202 0.09071181813623574 0.04197498213225407 0.4602314317555645 0.06234985927252309 -0.06301428163251109 -0.035731095080289606 0.0746562266951453 -0.20778208605045567 -0.039828402000279706; -0.09136380145464014 0.06157389130960892 0.044078736499089895 0.06234985927252309 0.22707978408323543 -0.08996876472851388 0.0438529181972638 0.007855818224550368 -0.08190168182668771 -0.05002001560787803; 0.15858984408112067 0.015057368695573389 0.012612387270621769 -0.06301428163251109 -0.08996876472851388 0.25888503932728574 0.029160147617305395 0.031863079534871025 0.15418517188926423 -0.09106185688807893; 0.021917671366589387 -0.013045326069906542 0.08948645222961574 -0.035731095080289606 0.0438529181972638 0.029160147617305395 0.08319582831096131 -0.009301294388185413 0.0009735988191196662 0.008522036692566338; 0.022263739936430747 0.05766178751601488 -0.028591192851222646 0.0746562266951453 0.007855818224550368 0.031863079534871025 -0.009301294388185413 0.07890807312587989 -0.0021463629833207627 -0.009293357672866851; 0.10482100215340999 0.018907027693585002 -0.026852686466222103 -0.20778208605045567 -0.08190168182668771 0.15418517188926423 0.0009735988191196662 -0.0021463629833207627 0.27256945228711277 -0.10437719805113091; -0.04704464890810211 -0.04516019474111862 -0.042176775395669955 -0.039828402000279706 -0.05002001560787803 -0.09106185688807893 0.008522036692566338 -0.009293357672866851 -0.10437719805113091 0.2715345351787943], [0.2018592075391891 0.059298045270587844 -0.0034497812380005423 0.02356718903838282 0.014309124340127117 -0.07963261551922848 -0.05140524366731437 0.0563681073623728 -0.07161033642196583 -0.029628013833007595; 0.059298045270587844 0.08063867473206109 -0.06189818253366703 0.02013598169257521 0.003655454919264435 -0.03145470523628493 0.014603517175628996 0.04891959683555371 0.06783933105284115 -0.030994498689918118; -0.0034497812380005423 -0.06189818253366703 0.30009817623555873 0.0086141513588015 -0.239967312458662 -0.0012189659886002035 -0.051430511565548974 -0.12574125613500117 -0.1809407059320659 0.07697007576210073; 0.02356718903838282 0.02013598169257521 0.0086141513588015 0.15462507404512768 -0.011634072393368961 0.03580739726752018 0.021580492682251793 0.03034082237176444 -0.1408227173848753 -0.035172997220970996; 0.014309124340127117 0.003655454919264435 -0.239967312458662 -0.011634072393368961 0.2975655592611233 -0.09033229169598139 -0.019434114989912807 0.09569698814929666 0.05191402557007482 -0.045967129790803925; -0.07963261551922848 -0.03145470523628493 -0.0012189659886002035 0.03580739726752018 -0.09033229169598139 0.23638648859154357 0.10883992543521488 -0.011336578972274077 0.05341224080978708 -0.025389174272127123; -0.05140524366731437 0.014603517175628996 -0.051430511565548974 0.021580492682251793 -0.019434114989912807 0.10883992543521488 0.16584954158417872 0.02626273005607758 0.049983607004473664 -0.06016662835374271; 0.0563681073623728 0.04891959683555371 -0.12574125613500117 0.03034082237176444 0.09569698814929666 -0.011336578972274077 0.02626273005607758 0.17973111243934084 0.008163807462175278 0.01349210896279537; -0.07161033642196583 0.06783933105284115 -0.1809407059320659 -0.1408227173848753 0.05191402557007482 0.05341224080978708 0.049983607004473664 0.008163807462175278 0.4304321443712257 -0.029187161211132736; -0.029628013833007595 -0.030994498689918118 0.07697007576210073 -0.035172997220970996 -0.045967129790803925 -0.025389174272127123 -0.06016662835374271 0.01349210896279537 -0.029187161211132736 0.09206773272044715], [0.19039723578160744 -0.019489868514778942 -0.026073298018986942 0.08261538308705658 -0.07865859449098135 0.053598217634136844 -0.014504295610168019 -0.07630376746032487 0.0594234739810331 -0.09065109269302966; -0.019489868514778942 0.17456399529262823 0.07802453686002796 -0.029819645781697657 -0.0070226522820003206 0.09569792228070287 -0.08246119959404988 0.017183188099002027 0.04309595220019316 0.03481539699300819; -0.02607329801