Matrices : Any[[[0.2532381746727535 0.23321885029396325 0.1470353432751864 0.14472605993146018; 0.23321885029396325 0.5470415668225863 0.2729371118485148 0.016493441753770332; 0.1470353432751864 0.2729371118485148 0.25670193971823946 -0.1364726353752821; 0.14472605993146018 0.016493441753770332 -0.1364726353752821 0.43591855895718595], [0.4426346829661169 0.2834040188557912 0.08201739872337832 0.09176763033527507; 0.2834040188557912 0.45828303999619696 0.027804244127142743 0.05418918959723069; 0.08201739872337832 0.027804244127142743 0.24168026560646375 0.29896921309346747; 0.09176763033527507 0.05418918959723069 0.29896921309346747 0.39815272632277876], [0.6601576071899832 0.0600723025568156 -0.07700805598852761 -0.08948750763373707; 0.0600723025568156 0.15534927885108513 0.042143390941536796 -0.11867059897401956; -0.07700805598852761 0.042143390941536796 0.1985193765025725 -0.007784932152568276; -0.08948750763373707 -0.11867059897401956 -0.007784932152568276 0.6585711477398704], [0.6386520379034154 -0.13824431796794628 -0.251791237844369 0.1125868183294736; -0.13824431796794628 0.1964538591050374 0.1785544397823654 -0.10762487448549334; -0.251791237844369 0.1785544397823654 0.3583690207997056 -0.1406982426312507; 0.1125868183294736 -0.10762487448549334 -0.1406982426312507 0.3289487580371617]], [[0.49596249489014976 -0.16345029808984823 -0.1733428626278447 0.08006242233760726; -0.16345029808984823 0.4897254546552592 0.31871744494903 0.09261698386843298; -0.1733428626278447 0.31871744494903 0.3772385535186007 0.10177832027017358; 0.08006242233760726 0.09261698386843298 0.10177832027017358 0.06707230276548919], [0.38096624182572986 0.4162614949726007 0.11176481980603031 -0.12739563138682888; 0.4162614949726007 0.4788941400367987 0.13171334132489293 -0.15976146740474145; 0.11176481980603031 0.13171334132489293 0.07238301871538537 0.00109124105496394; -0.12739563138682888 -0.15976146740474145 0.00109124105496394 0.3613168590524102], [0.5232308377870101 0.24485334763640326 -0.2106454548812941 0.32032121720289825; 0.24485334763640326 0.15389696358047716 -0.07584504452686099 0.18435340984759843; -0.2106454548812941 -0.07584504452686099 0.10627290197779034 -0.10765761020514965; 0.32032121720289825 0.18435340984759843 -0.10765761020514965 0.4180107161527486], [0.5217962661870682 -0.030395163105679558 -0.38749263930430283 0.21198696654161014; -0.030395163105679558 0.033929439614480326 0.08925225996675275 -0.018297233163713924; -0.38749263930430283 0.08925225996675275 0.5188573428933825 -0.12134082249698223; 0.21198696654161014 -0.018297233163713924 -0.12134082249698223 0.13888857713676067]], [[0.1373815304231954 -0.05882730018281686 -0.07053825962336395 0.05741325940262477; -0.05882730018281686 0.3560211764980194 0.21649113105500037 -0.2851232078600068; -0.07053825962336395 0.21649113105500037 0.30843754056477585 -0.3117599328719457; 0.05741325940262477 -0.2851232078600068 -0.3117599328719457 0.5339106130693603], [0.4371352723842262 -0.3680443890441246 0.14328482164519238 -0.10607789917730925; -0.3680443890441246 0.44582492402983315 -0.2762948387139256 0.06837085492443812; 0.14328482164519238 -0.2762948387139256 0.2521923937828375 0.006046638598207434; -0.10607789917730925 0.06837085492443812 0.006046638598207434 0.2235452391741013], [0.6154715019957449 0.03596191686905492 -0.14885640632519526 0.08391791595766795; 0.03596191686905492 0.42202891494159034 0.2574041459009138 -0.17065817991445464; -0.14885640632519526 0.2574041459009138 0.3561624581978006 -0.1630170238578667; 0.08391791595766795 -0.17065817991445464 -0.1630170238578667 0.10647065063778553], [0.5645603645178378 -0.05238865576981464 -0.39872205206874084 -0.13417412080900148; -0.05238865576981464 0.03031822694938989 0.05133526276519037 0.018971115432160072; -0.39872205206874084 0.05133526276519037 0.5191471404512582 0.14688268101381324; -0.13417412080900148 0.018971115432160072 0.14688268101381324 0.04739299707435781]], [[0.17282454190980065 0.030895812187655296 -0.05681893100963128 0.09044069746096872; 0.030895812187655296 0.21835508902484108 -0.05913270947460085 0.04823043783023922; -0.05681893100963128 -0.05913270947460085 0.4240281935307853 -0.46661898116938033; 0.09044069746096872 0.04823043783023922 -0.46661898116938033 0.5203995080918639], [0.03163026924154495 0.03738732136556439 -0.07494072116660798 0.048250565706325174; 0.03738732136556439 0.2556909202995352 0.17056278671041777 -0.13969092210023581; -0.07494072116660798 0.17056278671041777 0.6996277037932755 -0.36203020673825825; 0.048250565706325174 -0.13969092210023581 -0.36203020673825825 0.25713128404412106], [0.5518409046557267 0.006220676201118959 -0.12311727708516702 -0.12303670605622652; 0.006220676201118959 0.15455392004180263 0.06555509137114236 0.22089050632722138; -0.12311727708516702 0.06555509137114236 0.4087865783114196 -0.06016583029555252; -0.12303670605622652 0.22089050632722138 -0.06016583029555252 0.5747947683803183], [0.040670720910857994 0.05630720942988745 -0.050223533985613016 -0.03980914879438056; 0.05630720942988745 0.2968075429642791 -0.15334069629805935 0.05597694188169305; -0.050223533985613016 -0.15334069629805935 0.23045063168097218 0.29931129496487324; -0.03980914879438056 0.05597694188169305 0.29931129496487324 0.7811019506367937]], [[0.11616113855904157 -0.025219782434620128 0.1106066197493195 0.10552834364558009; -0.025219782434620128 0.9272250935134435 0.04998703222906868 -0.0907744653812988; 0.1106066197493195 0.04998703222906868 0.17522253404612242 0.07937102007330027; 0.10552834364558009 -0.0907744653812988 0.07937102007330027 0.118186977711147], [0.367741335058481 -0.03983184410842521 0.21960004187378404 0.04829436578763114; -0.03983184410842521 0.0591825313745839 -0.11789321615638917 -0.09663801553314487; 0.21960004187378404 -0.11789321615638917 0.6079762346301094 0.3654142947376115; 0.04829436578763114 -0.09663801553314487 0.3654142947376115 0.2716832533444253], [0.2189511590532637 -0.06931913363667232 -0.14831800559396216 0.020067872955206744; -0.06931913363667232 0.40436522507119005 0.28404847048738086 -0.09336661306462311; -0.14831800559396216 0.28404847048738086 0.45353430125075156 0.24016036134981572; 0.020067872955206744 -0.09336661306462311 0.24016036134981572 0.4840329459120856], [0.6162777225181597 -0.1703912757568486 0.3982684690310857 0.02334367323720955; -0.1703912757568486 0.1026326869860952 -0.0801839291808935 -0.07282008022847995; 0.3982684690310857 -0.0801839291808935 0.44853444863004865 -0.015398762716524152; 0.02334367323720955 -0.07282008022847995 -0.015398762716524152 0.09030325028265315]], [[0.7206469539354754 0.11966496654069433 0.19771558708347395 -0.29698712528853066; 0.11966496654069433 0.08318883524448019 0.0335918435655874 0.052587692710355335; 0.19771558708347395 0.0335918435655874 0.24662272951222516 -0.09159351400007575; -0.29698712528853066 0.052587692710355335 -0.09159351400007575 0.3242426499254974], [0.27296277100485633 -0.21460663533309393 0.1587695946602645 -0.2611424201030798; -0.21460663533309393 0.43577392869572124 -0.20398045718209654 0.029457117950993088; 0.1587695946602645 -0.20398045718209654 0.30290345597220614 -0.055940497512821624; -0.2611424201030798 0.029457117950993088 -0.055940497512821624 0.5231762778838941], [0.5279201245199312 -0.34253695147669805 0.22458964422296743 -0.10205968181365006; -0.34253695147669805 0.3508507681621925 -0.18635860522997524 0.1478330914146747; 0.22458964422296743 -0.18635860522997524 0.16271086912512403 -0.15981740583621187; -0.10205968181365006 0.1478330914146747 -0.15981740583621187 0.2260558377832927], [0.31673521238770325 0.11356168187272944 0.10638232313849444 -0.10063397193589627; 0.11356168187272944 0.5462832999065907 -0.23378044479075066 0.05171519363093976; 0.10638232313849444 -0.23378044479075066 0.35507473307627113 -0.03128240155868374; -0.10063397193589627 0.05171519363093976 -0.03128240155868374 0.5384062608551691]], [[0.3835587912736085 0.024043227871582362 0.18259822443558618 -0.38126631251884047; 0.024043227871582362 0.32767997099347096 -0.10552195027937185 -0.13703972650341864; 0.18259822443558618 -0.10552195027937185 0.22533220932055606 -0.10133034382432822; -0.38126631251884047 -0.13703972650341864 -0.10133034382432822 0.505767033719881], [0.2623828319382836 -0.204956387841299 0.18770521297298015 -0.04910925111380241; -0.204956387841299 0.6994358513307413 -0.13599819029119836 -0.2304295550974127; 0.18770521297298015 -0.13599819029119836 0.29567865282910144 0.05397334969639101; -0.04910925111380241 -0.2304295550974127 0.05397334969639101 0.21494622712558992], [0.17635975734975498 -0.14111649187002664 -0.25049254595075215 0.18895218657065738; -0.14111649187002664 0.27340210265478293 0.06753314888374347 -0.02611893932775853; -0.25049254595075215 0.06753314888374347 0.47500817509735327 -0.39025728467108334; 0.18895218657065738 -0.02611893932775853 -0.39025728467108334 0.3416164452366051], [0.40053277158966194 0.11476907784082609 0.07122920742349088 0.23928691211240197; 0.11476907784082609 0.45090105587768897 0.3374822485527421 0.05126325518587197; 0.07122920742349088 0.3374822485527421 0.37998952514698914 0.04993715998275842; 0.23928691211240197 0.05126325518587197 0.04993715998275842 0.3206717070161208]], [[0.317808631058236 0.2654450914853151 0.16222328079268947 -0.025021439667381618; 0.2654450914853151 0.5993953342333308 0.3494751608139338 0.06553841092671923; 0.16222328079268947 0.3494751608139338 0.28454581587097083 0.03926388299347256; -0.025021439667381618 0.06553841092671923 0.03926388299347256 0.08949756744174174], [0.4048155929708222 0.16474168182807555 -0.29421406734873873 0.2413216667071348; 0.16474168182807555 0.5103509520588962 0.017266902650030135 -0.07329915717303452; -0.29421406734873873 0.017266902650030135 0.2820730700715539 -0.20707494029807438; 0.2413216667071348 -0.07329915717303452 -0.20707494029807438 0.23478365799918713], [0.34142387289109893 -0.25799188210148616 0.09106802633116379 0.18322892782879263; -0.25799188210148616 0.24970380942397602 -0.10409838059050873 -0.1284247591253578; 0.09106802633116379 -0.10409838059050873 0.26356605475918227 0.27004343322237284; 0.18322892782879263 -0.1284247591253578 0.27004343322237284 0.5781461002394296], [0.29124021455988547 0.1706066874551302 0.17268246097918352 -0.2990726720653493; 0.1706066874551302 0.21008855860048956 0.10847020552529603 -0.17827460877601126; 0.17268246097918352 0.10847020552529603 0.5097628963317624 -0.0422390428125161; -0.2990726720653493 -0.17827460877601126 -0.0422390428125161 0.47305341469365103]], [[0.07828858026312649 0.03322514895380887 0.1332659522751443 -0.13191228992427925; 0.03322514895380887 0.4447549865789256 -0.28742561491411023 -0.16832524247230365; 0.1332659522751443 -0.28742561491411023 0.5681735686569916 -0.16380323177206074; -0.13191228992427925 -0.16832524247230365 -0.16380323177206074 0.3537750729025851], [0.1373139125865316 -0.1556560122474984 0.05937927981604637 -0.22230897131732946; -0.1556560122474984 0.34715528676963514 -0.22305545586377554 0.3105117538714508; 0.05937927981604637 -0.22305545586377554 0.38258010502252865 -0.22320023765915015; -0.22230897131732946 0.3105117538714508 -0.22320023765915015 0.409791840419142], [0.31577584034190637 0.23693610553850464 -0.17505707223659706 0.16202953176914398; 0.23693610553850464 0.5661929445194328 -0.05781005247667259 -0.03693633176195553; -0.17505707223659706 -0.05781005247667259 0.13776101734252913 -0.185250593996064; 0.16202953176914398 -0.03693633176195553 -0.185250593996064 0.5065672551722117], [0.17529465171233166 0.08145016999529424 0.08090155583126528 0.1729441150228919; 0.08145016999529424 0.5027190594586259 0.158549700034914 0.12761559792382848; 0.08090155583126528 0.158549700034914 0.20757316778472332 -0.16933648704568477; 0.1729441150228919 0.12761559792382848 -0.16933648704568477 0.6686432580504005]], [[0.06928456216884286 -0.11089018826191734 -0.12473305188224638 0.011625447651830432; -0.11089018826191734 0.33430962629943906 0.25065867805175723 -0.23472377020772964; -0.12473305188224638 0.25065867805175723 0.586971098210588 -0.22122021028205469; 0.011625447651830432 -0.23472377020772964 -0.22122021028205469 0.38625718064232445], [0.4761388826104573 -0.009830565949866537 -0.28682310891511964 0.20311499345733344; -0.009830565949866537 0.5536364487494246 0.13632123457977502 0.025260208583045275; -0.28682310891511964 0.13632123457977502 0.40194278455458105 -0.023054870363015453; 0.20311499345733344 0.025260208583045275 -0.023054870363015453 0.1359213149530271], [0.5386135914937437 0.029119676741966274 -0.17323113705501494 -0.2791642663075725; 0.029119676741966274 0.6019224406744782 0.16412712852992392 -0.026655341512872598; -0.17323113705501494 0.16412712852992392 0.14416456087351437 0.07993769585039709; -0.2791642663075725 -0.026655341512872598 0.07993769585039709 0.20284353654443316], [0.014597283245717909 0.036567760873650525 -0.048050939531760234 -0.07051941492734053; 0.036567760873650525 0.17625057640503455 -0.10652265585149538 -0.35516971996116325; -0.048050939531760234 -0.10652265585149538 0.26740089985964594 0.14259261086800343; -0.07051941492734053 -0.35516971996116325 0.14259261086800343 0.7512194959244622]], [[0.20630833233844292 0.17154069240870656 -0.13433908601185285 0.12737640485876764; 0.17154069240870656 0.5480302237575246 0.102402070222369 -0.15233004206445333; -0.13433908601185285 0.102402070222369 0.28301069660799905 -0.08071266523065791; 0.12737640485876764 -0.15233004206445333 -0.08071266523065791 0.6076170471663993], [0.625654949879867 -0.010747215742758684 -0.12340261169402812 0.29287384508615877; -0.010747215742758684 0.043935807610035585 0.08943494536512255 -0.05575918804821721; -0.12340261169402812 0.08943494536512255 0.3388562106620362 -0.24219047225599274; 0.29287384508615877 -0.05575918804821721 -0.24219047225599274 0.38734553253548903], [0.10447468320543965 0.11655036887214786 0.1377019356574715 -0.11167263845287823; 0.11655036887214786 0.3564695723998205 0.3656952442540481 -0.1798824495003411; 0.1377019356574715 0.3656952442540481 0.4301065280029919 -0.15478427817966448; -0.11167263845287823 -0.1798824495003411 -0.15478427817966448 0.45485373411409075], [0.3022594252131621 -0.07507036149880539 -0.40068155488070867 0.0629482652434081; -0.07507036149880539 0.07937921648602096 0.045517494891390356 0.06450366957849527; -0.40068155488070867 0.045517494891390356 0.5991597018858988 -0.21631898003946104; 0.0629482652434081 0.06450366957849527 -0.21631898003946104 0.3114568901084294]], [[0.4652196155469863 0.25153039672032323 0.16676004253539695 -0.0769861021148123; 0.25153039672032323 0.33379557174015345 -0.13789312910439247 -0.1057526294726971; 0.16676004253539695 -0.13789312910439247 0.6328737587118366 -0.010614296117463583; -0.0769861021148123 -0.1057526294726971 -0.010614296117463583 0.13036031918711335], [0.24298899313154737 -0.27815928624185443 0.033481693249852625 0.19746604174516827; -0.27815928624185443 0.6252181381247909 -0.02204308312503131 -0.1867110852080681; 0.033481693249852625 -0.02204308312503131 0.05968276088641896 0.009850060413581156; 0.19746604174516827 -0.1867110852080681 0.009850060413581156 0.49054642598532566], [0.03193816496516877 0.07460993658617733 -0.08618111099349221 0.04032963781567401; 0.07460993658617733 0.2766359885089444 -0.39078797415211786 0.11097017738590513; -0.08618111099349221 -0.39078797415211786 0.7194087904538027 -0.13542024050468096; 0.04032963781567401 0.11097017738590513 -0.13542024050468096 0.09447930020841848], [0.20868281115123094 -0.03194587782255524 -0.022929228283057046 -0.055998715879258455; -0.03194587782255524 0.31264432602324127 0.3609712188604293 -0.10982299371597284; -0.022929228283057046 0.3609712188604293 0.6739738935166545 -0.22246625530593458; -0.055998715879258455 -0.10982299371597284 -0.22246625530593458 0.10674652175076307]], [[0.38252819223854284 0.010052783015830456 0.23344793714666498 -0.16157074282300019; 0.010052783015830456 0.18954314227959904 -0.1919853531682961 0.2038302360681935; 0.23344793714666498 -0.1919853531682961 0.4788280551358927 -0.22891301347400503; -0.16157074282300019 0.2038302360681935 -0.22891301347400503 0.40675354956248316], [0.5153137489265905 -0.1808690667177494 -0.04047259369216839 -0.021437674659688846; -0.1808690667177494 0.2703644265670441 0.03977722695125988 -0.26953417147245917; -0.04047259369216839 0.03977722695125988 0.435513685201839 0.14929606976263238; -0.021437674659688846 -0.26953417147245917 0.14929606976263238 0.45718680133162914], [0.140834574127408 -0.23417899631278336 -0.10535970042299296 0.04665904613314488; -0.23417899631278336 0.5578416122513922 0.35564122118565106 -0.12288145945903745; -0.10535970042299296 0.35564122118565106 0.44535278016986835 0.02735778714695647; 0.04665904613314488 -0.12288145945903745 0.02735778714695647 0.22303862717888662], [0.5454766720693419 0.031691862030019294 -0.13269381313575443 0.22715323733027878; 0.031691862030019294 0.16425946783188505 0.10975200653270953 -0.17378721869641492; -0.13269381313575443 0.10975200653270953 0.5093851987653518 0.029193332504126025; 0.22715323733027878 -0.17378721869641492 0.029193332504126025 0.43517814051560993]], [[0.30092448402650757 -0.0438824269910958 -0.3860956077488794 -0.10855331534534025; -0.0438824269910958 0.1401708228254442 0.1239380780020042 -0.07035592725324073; -0.3860956077488794 0.1239380780020042 0.6655100001688421 0.10954374660670957; -0.10855331534534025 -0.07035592725324073 0.10954374660670957 0.23814606196762286], [0.43922363090742567 -0.26049396393095103 0.05235143929236823 -0.2910369428249413; -0.26049396393095103 0.38809061414967494 -0.09538744133524243 0.2226530359279724; 0.05235143929236823 -0.09538744133524243 0.14977845777646476 -0.18707154345501775; -0.2910369428249413 0.2226530359279724 -0.18707154345501775 0.36891235856600013], [0.4102000603668159 -0.10767754902784153 -0.36698358703756917 0.046524152709921614; -0.10767754902784153 0.1303186444687622 -0.06943721624938382 0.05103898471282263; -0.36698358703756917 -0.06943721624938382 0.6625526889834511 -0.05506543164542825; 0.046524152709921614 0.05103898471282263 -0.05506543164542825 0.24080629818002927], [0.4792654673830955 -0.3327253234510075 0.03808493466821592 -0.011625173125822338; -0.3327253234510075 0.528899914300751 -0.2075876296839241 0.21088984749350304; 0.03808493466821592 -0.2075876296839241 0.21219181879160862 -0.045837103545548055; -0.011625173125822338 0.21088984749350304 -0.045837103545548055 0.2040202079833343]], [[0.27834449236372216 0.31292006607849515 -0.07484729631761611 -0.007181126128445727; 0.31292006607849515 0.645543240596191 -0.3265468900884924 0.09084842435686129; -0.07484729631761611 -0.3265468900884924 0.22788070837174304 -0.06993289355672168; -0.007181126128445727 0.09084842435686129 -0.06993289355672168 0.08467294836919276], [0.23156371417545282 -0.2617588762688721 0.20637742575989107 -0.00565191907473369; -0.2617588762688721 0.6255778279064927 -0.3108447701600256 0.12218036120298632; 0.20637742575989107 -0.3108447701600256 0.247197609992038 -0.0933799747694653; -0.00565191907473369 0.12218036120298632 -0.0933799747694653 0.17634260810205324], [0.25080141134878337 -0.05501620851613093 0.07350571775938876 -0.34185373714921186; -0.05501620851613093 0.0971035656785826 -0.027578577112806486 -0.019413590796845154; 0.07350571775938876 -0.027578577112806486 0.224536544050849 0.11188830189215343; -0.34185373714921186 -0.019413590796845154 0.11188830189215343 0.774178449871388], [0.37949531422150184 0.3216720818646992 0.2852147656488349 0.064295417985198; 0.3216720818646992 0.3916503641039204 0.32370036632103627 0.005983907158905344; 0.2852147656488349 0.32370036632103627 0.3296018484161135 -0.01953803051518242; 0.064295417985198 0.005983907158905344 -0.01953803051518242 0.07515583336086845]], [[0.6733781179564592 -0.06966966711638183 -0.04878018621722932 -0.2608615089227807; -0.06966966711638183 0.4080888998035117 -0.04245802547858159 -0.13329184265371766; -0.04878018621722932 -0.04245802547858159 0.39466492717382895 -0.03530934711075518; -0.2608615089227807 -0.13329184265371766 -0.03530934711075518 0.17907670159353647], [0.04667249328155503 -0.11423472284378994 -0.03035912075442846 0.015734033612828876; -0.11423472284378994 0.37888812922346227 0.02033412953916818 -0.056219097076264074; -0.03035912075442846 0.02033412953916818 0.8093206921589978 0.27554290659825703; 0.015734033612828876 -0.056219097076264074 0.27554290659825703 0.10877477250855026], [0.3574916518241458 -0.20676732848524554 0.1027315114449915 -0.3643865660689667; -0.20676732848524554 0.15423053788661606 -0.01747940081961218 0.24289561846913615; 0.1027315114449915 -0.01747940081961218 0.12277623908869036 -0.02064524542929588; -0.3643865660689667 0.24289561846913615 -0.02064524542929588 0.5845600557678549], [0.39820637973406703 -0.0786909097904356 0.08319886029791057 0.008288249342692176; -0.0786909097904356 0.40273159027260547 0.10746833768406455 0.12964963434646215; 0.08319886029791057 0.10746833768406455 0.2772648184771745 0.36238725329556437; 0.008288249342692176 0.12964963434646215 0.36238725329556437 0.5065877723113095]], [[0.307930674522969 0.23393647562560702 0.04420627854551593 0.159669453911118; 0.23393647562560702 0.5533071598811018 -0.3196101307643787 -0.0006944865166526997; 0.04420627854551593 -0.3196101307643787 0.39611717862811324 0.16161913909484169; 0.159669453911118 -0.0006944865166526997 0.16161913909484169 0.14569739414395466], [0.3924698152465322 -0.26591468948380165 -0.28887486121355427 0.041821879533004126; -0.26591468948380165 0.47472207888332657 0.2977742642469735 -0.07241890457545462; -0.28887486121355427 0.2977742642469735 0.3424638652484639 0.011173979354289813; 0.041821879533004126 -0.07241890457545462 0.011173979354289813 0.058569639500828], [0.6419844763500971 -0.17315443717409124 0.0666474308930423 0.00874076874366025; -0.17315443717409124 0.30182878688668485 0.16910842222644032 0.07233944749218918; 0.0666474308930423 0.16910842222644032 0.5628716291872466 0.13986435165259592; 0.00874076874366025 0.07233944749218918 0.13986435165259592 0.06437376955729304], [0.5384707552734808 -0.12312929022296906 0.3396492321183297 0.15930761186543435; -0.12312929022296906 0.10971167011170467 -0.17453609520569924 -0.09118535445686757; 0.3396492321183297 -0.17453609520569924 0.37414634182373374 0.050240851521713474; 0.15930761186543435 -0.09118535445686757 0.050240851521713474 0.4045008189901655]], [[0.5471550681886151 0.15300639642447095 0.2238029946284191 -0.22678686219099345; 0.15300639642447095 0.22734239066073422 0.19351804337789769 -0.24161869742366782; 0.2238029946284191 0.19351804337789769 0.19304060638018564 -0.20388286536389438; -0.22678686219099345 -0.24161869742366782 -0.20388286536389438 0.29498466762146514], [0.6109379951776122 -0.2616627255998427 0.10827813594521103 -0.11249516032031985; -0.2616627255998427 0.6474415190578516 0.06340192822347561 -0.05107756495287276; 0.10827813594521103 0.06340192822347561 0.06428769935739204 -0.022755055954974103; -0.11249516032031985 -0.05107756495287276 -0.022755055954974103 0.05877850077691891], [0.10786245473420668 0.13593609433768478 0.06534279880670352 0.06786321150131606; 0.13593609433768478 0.5905291051489908 -0.0017506180022659316 0.345565077244671; 0.06534279880670352 -0.0017506180022659316 0.1462887087551212 0.06148399843206318; 0.06786321150131606 0.345565077244671 0.06148399843206318 0.5631483860370238], [0.20263366946963668 -0.16711979882167835 0.020767808162062844 0.20884212841548538; -0.16711979882167835 0.3995998768739033 -0.15088068775727184 -0.414649073856118; 0.020767808162062844 -0.15088068775727184 0.16977200004189164 0.11385274317232791; 0.20884212841548538 -0.414649073856118 0.11385274317232791 0.45952552501429395]], [[0.5517283869042049 -0.24492771931593135 -0.14465740467618646 -0.2189801136658051; -0.24492771931593135 0.15615682808254425 0.2010893324327473 0.09765982559085773; -0.14465740467618646 0.2010893324327473 0.5442616298268558 -0.0026092171374574634; -0.2189801136658051 0.09765982559085773 -0.0026092171374574634 0.13150090074178858], [0.3285558029557356 0.01846543384533371 0.13076921931772953 0.12923680569650367; 0.01846543384533371 0.6806304676306555 0.09996647356348343 0.021219197646941874; 0.13076921931772953 0.09996647356348343 0.5604358357273816 0.10109947460119831; 0.12923680569650367 0.021219197646941874 0.10109947460119831 0.07133155809221273], [0.46248649922835494 -0.2876334921185216 -0.25166023375950447 -0.12156613701320314; -0.2876334921185216 0.21176096773621741 0.2049564716882143 0.1291128819589016; -0.25166023375950447 0.2049564716882143 0.23347058433525206 0.10563383463893602; -0.12156613701320314 0.1291128819589016 0.10563383463893602 0.4747578016313177], [0.18034392683347572 -0.0899401040989901 0.10545012120593461 -0.16393967764576833; -0.0899401040989901 0.15409818384213111 -0.1489771115602881 0.22544732911818577; 0.10545012120593461 -0.1489771115602881 0.5889344017497249 -0.3234315645363858; -0.16393967764576833 0.22544732911818577 -0.3234315645363858 0.3865985538130219]], [[0.6702746841432058 0.09796605430495975 -0.2327222368811488 -0.2151240618607164; 0.09796605430495975 0.23079737435862768 -0.21115845402579445 0.09502604343717604; -0.2327222368811488 -0.21115845402579445 0.31986321687694147 -0.06581389631982991; -0.2151240618607164 0.09502604343717604 -0.06581389631982991 0.24327478794287716], [0.07562869210724367 0.05233727963978849 0.0004869157093418295 0.030964480988012875; 0.05233727963978849 0.3045623775279519 -0.2407191805887885 0.18655963246896343; 0.0004869157093418295 -0.2407191805887885 0.3447156806450169 -0.3407466616453285; 0.030964480988012875 0.18655963246896343 -0.3407466616453285 0.5979796727623257], [0.41931876761992176 0.25247412644731587 0.08505772941812204 -0.18291805015087387; 0.25247412644731587 0.4186606547947853 0.06612726309168981 -0.15018304966942808; 0.08505772941812204 0.06612726309168981 0.2416470461109823 0.12670838228389963; -0.18291805015087387 -0.15018304966942808 0.12670838228389963 0.5437482391218653], [0.6195042634061834 0.011957124814858886 0.05242119054730495 0.22824711078717577; 0.011957124814858886 0.16073995662591478 0.04155257903583111 -0.22064698533191032; 0.05242119054730495 0.04155257903583111 0.018459163526987038 -0.04711638641121371; 0.22824711078717577 -0.22064698533191032 -0.04711638641121371 0.6122072135473481]], [[0.12181371712035693 0.08353439625264447 0.03479110431786455 -0.022413033411816743; 0.08353439625264447 0.6307315666980428 0.045824208935555284 0.18325124334201387; 0.03479110431786455 0.045824208935555284 0.06493788212731649 -0.15350957830757114; -0.022413033411816743 0.18325124334201387 -0.15350957830757114 0.6687664210643129], [0.8665877364439902 0.25125307235737726 0.08044981834862996 -0.17578223196483522; 0.25125307235737726 0.12063674700392958 0.02684442130677445 -0.06927117526067073; 0.08044981834862996 0.02684442130677445 0.13035089247794487 0.02085146799077209; -0.17578223196483522 -0.06927117526067073 0.02085146799077209 0.06763109437453664], [0.8747819637963243 0.04220056496025806 -0.07644608239318598 0.2831057431286843; 0.04220056496025806 0.04856634633186944 -0.007573532259219123 -0.04516688491422311; -0.07644608239318598 -0.007573532259219123 0.1434408738891061 -0.03907958563963377; 0.2831057431286843 -0.04516688491422311 -0.03907958563963377 0.17036958574286337], [0.3881999711207746 -0.02299097349849219 0.023109109192730223 -0.4490031661008043; -0.02299097349849219 0.17644612873140125 -0.10795784607614038 -0.08088615670489399; 0.023109109192730223 -0.10795784607614038 0.1403716685978179 0.059080102110562936; -0.4490031661008043 -0.08088615670489399 0.059080102110562936 0.5914005175283139]], [[0.34351554660616385 0.2274767316357784 0.13066266131653845 0.20186213487817165; 0.2274767316357784 0.4208200363585117 -0.03042128973581984 0.3442874995498325; 0.13066266131653845 -0.03042128973581984 0.2639417538503417 0.048174142403871266; 0.20186213487817165 0.3442874995498325 0.048174142403871266 0.4153898342505337], [0.7046091167316053 0.11133500742678924 -0.0489667798011116 0.34278293629220385; 0.11133500742678924 0.24300517215253842 -0.11975108803211044 0.08582555288821267; -0.0489667798011116 -0.11975108803211044 0.19728810015699982 -0.11189088383607577; 0.34278293629220385 0.08582555288821267 -0.11189088383607577 0.26928294753345705], [0.0376878407603631 -0.10558992122765902 -0.00808130239902776 0.035896863096831384; -0.10558992122765902 0.7969160798560504 0.22423027336462112 0.04819368152671964; -0.00808130239902776 0.22423027336462112 0.09483263701776506 -0.009836182579490713; 0.035896863096831384 0.04819368152671964 -0.009836182579490713 0.47340016693584414], [0.46551174238164145 0.04117884840519607 0.01708009115155583 0.44873028804891324; 0.04117884840519607 0.27473832494247874 0.10977425613292985 -0.026463300658692596; 0.01708009115155583 0.10977425613292985 0.18602995006865486 0.01609726278686273; 0.44873028804891324 -0.026463300658692596 0.01609726278686273 0.4904062604664167]], [[0.44927461751444236 0.008158586540835674 -0.15058839339340835 0.05268700094433128; 0.008158586540835674 0.4562634991090239 0.3013031080071984 -0.024943741585791334; -0.15058839339340835 0.3013031080071984 0.5880235994513021 0.0013929971676480103; 0.05268700094433128 -0.024943741585791334 0.0013929971676480103 0.10173545650679082], [0.16009391872645196 0.0448811429358483 0.27259346727320816 -0.07738279479386549; 0.0448811429358483 0.1274474065388217 -0.03770003340534139 -0.014997220905197058; 0.27259346727320816 -0.03770003340534139 0.7080277438053055 0.07492947746429825; -0.07738279479386549 -0.014997220905197058 0.07492947746429825 0.5269566525048702], [0.4044742349876511 -0.008103749710449743 0.08369397078525974 -0.09061710102321968; -0.008103749710449743 0.172167222933387 -0.24039691289780746 0.21846396606761412; 0.08369397078525974 -0.24039691289780746 0.39687644468799593 -0.25940793792872346; -0.09061710102321968 0.21846396606761412 -0.25940793792872346 0.52255639915887], [0.42326631034412543 0.1718423500826036 0.2787602976219482 0.153665267163402; 0.1718423500826036 0.3574572938336555 0.19128025901235998 0.02444122953938631; 0.2787602976219482 0.19128025901235998 0.5686346177301511 0.12089960293733053; 0.153665267163402 0.02444122953938631 0.12089960293733053 0.06648242236278483]], [[0.5484422986021831 0.006564590808251939 0.22968722519356266 0.17147172585978152; 0.006564590808251939 0.5585312452682666 -0.015724638971604945 0.23306448847610867; 0.22968722519356266 -0.015724638971604945 0.1285472509231305 0.10065441939586345; 0.17147172585978152 0.23306448847610867 0.10065441939586345 0.2773634744493349], [0.12011633300526263 0.018525032515589443 0.012867162305264567 -0.20305164237031997; 0.018525032515589443 0.5913023988396633 -0.06772628634267334 -0.11762086260035665; 0.012867162305264567 -0.06772628634267334 0.17835569798847045 0.12025253549923805; -0.20305164237031997 -0.11762086260035665 0.12025253549923805 0.6744486528921855], [0.0665679628085551 -0.03169922440889318 -0.1523873288756769 -0.06833532836214584; -0.03169922440889318 0.17992716088002444 0.22130151403916973 0.11967810274575298; -0.1523873288756769 0.22130151403916973 0.7817744283487145 0.2730001768503938; -0.06833532836214584 0.11967810274575298 0.2730001768503938 0.1363016673196419], [0.444982753484924 0.3618750071021411 0.22825953256071557 -0.08672652479252413; 0.3618750071021411 0.38829711700950564 0.25242315153379535 0.006374995514159611; 0.22825953256071557 0.25242315153379535 0.2972251831929462 -0.06567511094845638; -0.08672652479252413 0.006374995514159611 -0.06567511094845638 0.2134840086786365]], [[0.1987521223788836 0.26073860239237884 0.04368216177512696 0.04574980655873819; 0.26073860239237884 0.5760483482572585 -0.23744492331836708 0.11196189898182385; 0.04368216177512696 -0.23744492331836708 0.5410618630134901 -0.14022416468557625; 0.04574980655873819 0.11196189898182385 -0.14022416468557625 0.12161256288790336], [0.25851009311810746 0.0733477282544138 -0.3281062960551692 0.04342294401292906; 0.0733477282544138 0.1154119038227256 0.023742027064494627 -0.08997340886790425; -0.3281062960551692 0.023742027064494627 0.6221026723055639 -0.02306993756312318; 0.04342294401292906 -0.08997340886790425 -0.02306993756312318 0.5334981568322319], [0.26847590702677976 -0.1790680329648166 0.038872680919196885 -0.21412872736362376; -0.1790680329648166 0.1713450951428056 -0.10522764207199109 0.23996095771090478; 0.038872680919196885 -0.10522764207199109 0.5476623293999192 -0.16820259987003267; -0.21412872736362376 0.23996095771090478 -0.16820259987003267 0.4958628221953108], [0.5986894315095258 -0.08586914711814911 0.05116016743660558 -0.14653320523151372; -0.08586914711814911 0.08354433682407594 -0.1080915777613941 0.18831645443450187; 0.05116016743660558 -0.1080915777613941 0.2081182308200953 -0.24004735066499644; -0.14653320523151372 0.18831645443450187 -0.24004735066499644 0.5646354488384449]], [[0.14800402081768116 -0.07407675624644014 0.011812176910800016 -0.09819192247573469; -0.07407675624644014 0.8233209882960109 0.27167181622574754 0.012270632154398204; 0.011812176910800016 0.27167181622574754 0.22371395232093966 -0.11211147339724313; -0.09819192247573469 0.012270632154398204 -0.11211147339724313 0.21587515004742489], [0.7055757363222265 0.17116827889870073 -0.014546963603012676 -0.3033251162487035; 0.17116827889870073 0.4375218969358618 0.01384844879439868 -0.11567031276725215; -0.014546963603012676 0.01384844879439868 0.054570415235175404 0.03859721319696355; -0.3033251162487035 -0.11567031276725215 0.03859721319696355 0.18602313965348288], [0.6074043787121528 -0.1676876775036596 0.0018374790102931213 0.24750651543342347; -0.1676876775036596 0.36127783407206876 0.09617126101298851 -0.20328207028927323; 0.0018374790102931213 0.09617126101298851 0.1438377483736582 0.11933716291127382; 0.24750651543342347 -0.20328207028927323 0.11933716291127382 0.4140738968851669], [0.4981885353261641 0.23099307866433177 0.336884028112902 0.1793794677084369; 0.23099307866433177 0.26868915772666574 0.14560512544159446 0.09568223072282775; 0.336884028112902 0.14560512544159446 0.37912296255478417 0.17312875015275653; 0.1793794677084369 0.09568223072282775 0.17312875015275653 0.1310335784638245]], [[0.8171725094636415 -0.11635730070880708 0.21141198565939492 0.08222347610947109; -0.11635730070880708 0.22405384783816706 0.08155819553244588 -0.14378000183509956; 0.21141198565939492 0.08155819553244588 0.1745843946269049 0.04526230972130646; 0.08222347610947109 -0.14378000183509956 0.04526230972130646 0.25062630388509327], [0.08916524232113517 0.019591701245194222 -0.04319341770358535 0.1621744662281095; 0.019591701245194222 0.44821383158735295 -0.13827249594788035 0.3574525147492812; -0.04319341770358535 -0.13827249594788035 0.10421953346326532 -0.17887876217113033; 0.1621744662281095 0.3574525147492812 -0.17887876217113033 0.6044945760071982], [0.2255696464350488 -0.13469124052544734 -0.03671142087004736 0.09930356798412897; -0.13469124052544734 0.0995016067364928 0.017323982206472046 0.03339750028849319; -0.03671142087004736 0.017323982206472046 0.4225219211147074 0.1751094779549264; 0.09930356798412897 0.03339750028849319 0.1751094779549264 0.7986450970927739], [0.38023642727323465 -0.3780895622371675 0.18876656608600803 -0.061142994019717116; -0.3780895622371675 0.49045552027480405 -0.13578959170391133 0.15098794344938427; 0.18876656608600803 -0.13578959170391133 0.1493178212456824 -0.0758648304888898; -0.061142994019717116 0.15098794344938427 -0.0758648304888898 0.36598981155999755]], [[0.23879140047248423 0.1248826242475175 -0.08597447741953275 -0.2968833595897312; 0.1248826242475175 0.15407332198006438 0.05091906335799805 -0.14425150888876423; -0.08597447741953275 0.05091906335799805 0.2599426916481163 -0.07198634464177096; -0.2968833595897312 -0.14425150888876423 -0.07198634464177096 0.7564716059892211], [0.08030629024607193 -0.02212601263932486 0.13295662050561344 -0.08421671288846853; -0.02212601263932486 0.30067594092975275 -0.18957496095944806 -0.23098740088291342; 0.13295662050561344 -0.18957496095944806 0.6099306608846023 -0.1677743094394857; -0.08421671288846853 -0.23098740088291342 -0.1677743094394857 0.4957079612115437], [0.009058972049707396 0.015056524087777419 -0.019753665321076547 -0.05684165213117719; 0.015056524087777419 0.6617490348264803 -0.28099349226396797 -0.21115503587513645; -0.019753665321076547 -0.28099349226396797 0.20839626946636358 0.08491729548735469; -0.05684165213117719 -0.21115503587513645 0.08491729548735469 0.49937151266531304], [0.22352383309790283 -0.04054648568694185 0.027605493293195754 -0.20516114980504227; -0.04054648568694185 0.3240037212422765 0.22410612316834708 -0.11147737773244104; 0.027605493293195754 0.22410612316834708 0.22748205200279786 -0.22207910050266388; -0.20516114980504227 -0.11147737773244104 -0.22207910050266388 0.6930919637665959]], [[0.5053931117648287 -0.01386022727388555 -0.26058294272366067 0.34604943789185116; -0.01386022727388555 0.24836946644763008 -0.05413991752389969 0.0758381814156012; -0.26058294272366067 -0.05413991752389969 0.32138455938541105 -0.20480099297873985; 0.34604943789185116 0.0758381814156012 -0.20480099297873985 0.32040409265189934], [0.045417546324940834 -0.07962614000016635 0.13648466115582253 -0.09126677595354159; -0.07962614000016635 0.23662908967360247 -0.29230747948618363 0.26731681050001166; 0.13648466115582253 -0.29230747948618363 0.5072143878770384 -0.3108594204604071; -0.09126677595354159 0.26731681050001166 -0.3108594204604071 0.3331822751730584], [0.33206627010764733 0.1743083402531105 -0.16845841222501318 0.1484316777147171; 0.1743083402531105 0.607274247047001 -0.3760660650837818 0.012839193525297615; -0.16845841222501318 -0.3760660650837818 0.25164059297066615 -0.03382627411090323; 0.1484316777147171 0.012839193525297615 -0.03382627411090323 0.10281198812643269], [0.37657928493132165 -0.18367949043226378 0.19120683235439065 -0.10096385279635564; -0.18367949043226378 0.1548390668750815 -0.11019556322211287 -0.04573212229255862; 0.19120683235439065 -0.11019556322211287 0.7711160645964555 0.08797701725412495; -0.10096385279635564 -0.04573212229255862 0.08797701725412495 0.18617254352604468]], [[0.33038698210173745 0.29693140444648775 0.029012354081360516 0.13125067694916737; 0.29693140444648775 0.4741892398675434 0.03257784022343062 0.28056020253228636; 0.029012354081360516 0.03257784022343062 0.056161319386457166 -0.11271151051696517; 0.13125067694916737 0.28056020253228636 -0.11271151051696517 0.5151728121146195], [0.5161676358774311 -0.2111794488424246 -0.09254662415217664 -0.05826965655924767; -0.2111794488424246 0.7132075235529942 0.009721452510530007 0.04049442824048673; -0.09254662415217664 0.009721452510530007 0.22592295296435355 -0.1364522288379434; -0.05826965655924767 0.04049442824048673 -0.1364522288379434 0.14157615215013789], [0.31262567520629253 0.05405632407023529 0.045699458565431186 0.30903162575798254; 0.05405632407023529 0.5403053046108045 0.2623071009163778 0.0034169802859538257; 0.045699458565431186 0.2623071009163778 0.19768615857138883 0.04665794250454937; 0.30903162575798254 0.0034169802859538257 0.04665794250454937 0.47775107935470473], [0.5447649944434448 -0.275754964336342 0.2826248166645583 0.03395037858536804; -0.275754964336342 0.19769194304175017 -0.19105606669490074 0.08401131942461168; 0.2826248166645583 -0.19105606669490074 0.29902274852403093 -0.1909636189186003; 0.03395037858536804 0.08401131942461168 -0.1909636189186003 0.3170790262867964]], [[0.33687479773176826 0.053282252889327995 -0.022397292353338722 0.3381871289782153; 0.053282252889327995 0.47313210628330354 -0.11602504244144349 0.1302534406923679; -0.022397292353338722 -0.11602504244144349 0.10075758346423366 -0.1580543766002647; 0.3381871289782153 0.1302534406923679 -0.1580543766002647 0.5534157901312321], [0.2814620140632604 -0.06284246952655345 0.04421876556735459 -0.19720220102663544; -0.06284246952655345 0.251328705611051