Matrices : Any[[[0.7476637654362446 0.17158491125704284 -0.0064079149378113535 -0.15648136748975464 0.2339427916628337; 0.17158491125704284 0.26546240819146266 -0.10359333125692949 -0.07439076484616455 -0.06953418555242522; -0.0064079149378113535 -0.10359333125692949 0.2256566820157054 0.02295754471661138 0.04444884309982553; -0.15648136748975464 -0.07439076484616455 0.02295754471661138 0.16331323756913652 -0.05561424176018244; 0.2339427916628337 -0.06953418555242522 0.04444884309982553 -0.05561424176018244 0.1488212025995232], [0.22502165606867375 -0.10570722660286012 -0.16580817807967038 0.10629508564404608 0.09784709160982787; -0.10570722660286012 0.11352614871992017 0.1472501590798649 -0.0406998429674001 -0.03653790990383936; -0.16580817807967038 0.1472501590798649 0.27905990246937246 -0.13481370795677436 0.0004482266344808594; 0.10629508564404608 -0.0406998429674001 -0.13481370795677436 0.7814164582362584 0.1161825617060585; 0.09784709160982787 -0.03653790990383936 0.0004482266344808594 0.1161825617060585 0.127349759872996], [0.23570743374057138 0.15580964477004283 0.17315587972618562 -0.05679192585341991 0.13855835292676436; 0.15580964477004283 0.19968311153778806 0.0020649738099862325 -0.009390775342018882 0.09665341160819023; 0.17315587972618562 0.0020649738099862325 0.48586612897986253 -0.09030431652546451 0.13863309099538615; -0.05679192585341991 -0.009390775342018882 -0.09030431652546451 0.3665107121197507 -0.30951243606706663; 0.13855835292676436 0.09665341160819023 0.13863309099538615 -0.30951243606706663 0.33999030338430564], [0.26961734355714095 -0.028758487698240055 0.17701566098387475 -0.07522090733751967 0.014845977471496045; -0.028758487698240055 0.12029464911342456 0.17101240845117974 -0.14479535689330375 -0.0541455308626963; 0.17701566098387475 0.17101240845117974 0.5963306473969253 -0.23041645410621364 -0.12833189273328385; -0.07522090733751967 -0.14479535689330375 -0.23041645410621364 0.4476210834144067 0.12286617604916025; 0.014845977471496045 -0.0541455308626963 -0.12833189273328385 0.12286617604916025 0.07198097373742592], [0.3064491405009026 -0.03397113970896842 -0.12935772684216362 -0.06338666212079892 0.08545991000341889; -0.03397113970896842 0.4254261919947718 -0.06866390017722145 -0.3312839300825975 0.006886387524559778; -0.12935772684216362 -0.06866390017722145 0.10328204150165148 0.10644869861145974 -0.08196996203276934; -0.06338666212079892 -0.3312839300825975 0.10644869861145974 0.6043890008251754 -0.03894728334984116; 0.08545991000341889 0.006886387524559778 -0.08196996203276934 -0.03894728334984116 0.15024583651281306]], [[0.28301726553084494 0.11082861924976142 0.10218520598629717 0.11356988576491936 0.04742846440545534; 0.11082861924976142 0.2438684287629984 0.18832563462501373 -0.036272507663809926 -0.07594394941920275; 0.10218520598629717 0.18832563462501373 0.23098572530052364 0.1738066337745675 -0.08465478911596556; 0.11356988576491936 -0.036272507663809926 0.1738066337745675 0.7487190508100884 -0.05138290331251877; 0.04742846440545534 -0.07594394941920275 -0.08465478911596556 -0.05138290331251877 0.07496552497412255], [0.30726624716639034 -0.020602491369086342 -0.007612018537419071 -0.13056058096630965 0.13384318722151603; -0.020602491369086342 0.07016786866837925 0.14382389608553753 -0.02673601775032548 -0.03782154112825498; -0.007612018537419071 0.14382389608553753 0.36460298690060866 -0.16615737395819605 0.06293465675138664; -0.13056058096630965 -0.02673601775032548 -0.16615737395819605 0.6656835864458622 -0.09138399963500202; 0.13384318722151603 -0.03782154112825498 0.06293465675138664 -0.09138399963500202 0.3580609683852704], [0.18117179751506962 -0.06792706874469609 0.13691228883997023 -0.008321731791379482 -0.04332235807340052; -0.06792706874469609 0.2484007642036191 0.05864658670793927 -0.09927840136718447 -0.13748029862076627; 0.13691228883997023 0.05864658670793927 0.3681742531359928 -0.007124431663783815 -0.08804463795058058; -0.008321731791379482 -0.09927840136718447 -0.007124431663783815 0.6134369458349865 0.31947662486427086; -0.04332235807340052 -0.13748029862076627 -0.08804463795058058 0.31947662486427086 0.2426471173749893], [0.615192286109104 0.0962356778660506 0.05373839658738459 -0.06611527610177047 -0.008249389681081343; 0.0962356778660506 0.431347282939928 0.16946992361306104 -0.004093405000922504 -0.28527322849368697; 0.05373839658738459 0.16946992361306104 0.12496301139677056 0.049341622035343424 -0.06417665456520807; -0.06611527610177047 -0.004093405000922504 0.049341622035343424 0.2359525107715964 -0.06989756437381538; -0.008249389681081343 -0.28527322849368697 -0.06417665456520807 -0.06989756437381538 0.29647724489642097], [0.4800675086943023 -0.13874312797152535 -0.2471103282870284 0.16111320062489456 0.18137032688965837; -0.13874312797152535 0.19631285901430987 0.2598959502682358 0.03646153161250272 -0.03293974463586397; -0.2471103282870284 0.2598959502682358 0.5256560445808551 -0.0029187445275422733 -0.006673221056328968; 0.16111320062489456 0.03646153161250272 -0.0029187445275422733 0.12312465101238765 0.055152863239511664; 0.18137032688965837 -0.03293974463586397 -0.006673221056328968 0.055152863239511664 0.12280189490102267]], [[0.42092739987014155 0.08743964628979864 -0.10936501897532476 0.02383914340751203 -0.3295352570375451; 0.08743964628979864 0.07526105275357213 0.01212311440693313 0.04341202227987104 -0.0694586597064946; -0.10936501897532476 0.01212311440693313 0.14175055412760085 0.1148066249014212 0.013313610277753093; 0.02383914340751203 0.04341202227987104 0.1148066249014212 0.253646859921872 0.10143217229099026; -0.3295352570375451 -0.0694586597064946 0.013313610277753093 0.10143217229099026 0.6435719182866032], [0.6458583688087365 -0.24966145319905025 0.18707777056706787 0.06109423568780223 -0.1750006261432593; -0.24966145319905025 0.2729049303783311 -0.08463814606679503 -0.04353088324272179 0.12481740922349245; 0.18707777056706787 -0.08463814606679503 0.2943539960817192 -0.13420380032059603 0.05303963831190056; 0.06109423568780223 -0.04353088324272179 -0.13420380032059603 0.10761315047889616 -0.09427252909536175; -0.1750006261432593 0.12481740922349245 0.05303963831190056 -0.09427252909536175 0.1951754604485083], [0.3688056987885678 -0.06433937565171671 0.06531834531333931 -0.055542253701156286 -0.09350129951008344; -0.06433937565171671 0.3295370259965001 -0.09623712755627545 -0.08762051979189202 0.29632559844687706; 0.06531834531333931 -0.09623712755627545 0.2163078294081677 -0.07777387156711978 -0.15014869342515025; -0.055542253701156286 -0.08762051979189202 -0.07777387156711978 0.36813847273647965 -0.037000468062533154; -0.09350129951008344 0.29632559844687706 -0.15014869342515025 -0.037000468062533154 0.5130158469419168], [0.25718954080606504 0.0678743002042188 -0.058830692597509664 -0.1127741846389465 -0.1925963079874957; 0.0678743002042188 0.2753494397158271 -0.05697968550593842 -0.008644257336754179 -0.12174917948557065; -0.058830692597509664 -0.05697968550593842 0.06691956660621858 -0.062429154458156305 0.03683629455669539; -0.1127741846389465 -0.008644257336754179 -0.062429154458156305 0.31084061068106766 0.1751690896099665; -0.1925963079874957 -0.12174917948557065 0.03683629455669539 0.1751690896099665 0.7300766238317877], [0.17413092643363942 -0.04600640976977362 0.31019744747480976 -0.0037217184577068418 0.15487078329732448; -0.04600640976977362 0.1426908072921372 -0.1111317415122303 0.02806155643537136 0.010248213080314395; 0.31019744747480976 -0.1111317415122303 0.5850359035863602 0.033721284353794616 0.19575036467619314; -0.0037217184577068418 0.02806155643537136 0.033721284353794616 0.22452226975415707 -0.05349664272384037; 0.15487078329732448 0.010248213080314395 0.19575036467619314 -0.05349664272384037 0.4481571804730993]], [[0.3745338656172655 -0.02709249846381511 -0.0838254740191453 -0.34847748336037326 -0.10086637968560956; -0.02709249846381511 0.06300144787950696 -0.03408009951464811 -0.08951473312411781 0.07656695145808612; -0.0838254740191453 -0.03408009951464811 0.1388224637645397 0.1657439780587628 -0.019395786319940253; -0.34847748336037326 -0.08951473312411781 0.1657439780587628 0.6676745129398145 0.03230111607116475; -0.10086637968560956 0.07656695145808612 -0.019395786319940253 0.03230111607116475 0.15523127646413082], [0.38331349484663585 -0.1638976811038142 -0.060782993879298794 -0.13400196222554212 0.024776280675291; -0.1638976811038142 0.2343631633771306 0.04835988417362422 0.12397867623893155 -0.11504154584641042; -0.060782993879298794 0.04835988417362422 0.683670588536011 0.05833599222801783 -0.011827390112139588; -0.13400196222554212 0.12397867623893155 0.05833599222801783 0.07816642599959342 -0.08156395557091786; 0.024776280675291 -0.11504154584641042 -0.011827390112139588 -0.08156395557091786 0.3795987098603495], [0.17660902584541047 0.20021679457014346 -0.0525109827807664 0.04283943796950206 -0.21642530382741124; 0.20021679457014346 0.37704036558839416 -0.05064921097169061 0.06249827281444879 -0.14104851900871992; -0.0525109827807664 -0.05064921097169061 0.507931620448256 -0.11973644493134405 0.18582570023516343; 0.04283943796950206 0.06249827281444879 -0.11973644493134405 0.20680246820310422 -0.09960676867669659; -0.21642530382741124 -0.14104851900871992 0.18582570023516343 -0.09960676867669659 0.41537726660768987], [0.22848769628138826 0.20261356692566634 0.06302441235075922 0.03679676450923738 -0.006906406362014662; 0.20261356692566634 0.8010498852183258 -0.09019304776940254 -0.04309343564476606 0.14690138544793654; 0.06302441235075922 -0.09019304776940254 0.294920544850702 0.01879522505149126 -0.11267060194645745; 0.03679676450923738 -0.04309343564476606 0.01879522505149126 0.15698448614774235 -0.04068914406713921; -0.006906406362014662 0.14690138544793654 -0.11267060194645745 -0.04068914406713921 0.09532770556738555], [0.21706709973800933 -0.2369707565737833 -0.14836521234537714 0.00729807718745098 -0.2223831949412582; -0.2369707565737833 0.5188236768727439 0.05081894247989003 0.0050476157287758965 0.29859309524627026; -0.14836521234537714 0.05081894247989003 0.150921209084904 -0.009502379760638354 0.1369981214860411; 0.00729807718745098 0.0050476157287758965 -0.009502379760638354 0.03826637728348366 -0.04362952842493385; -0.2223831949412582 0.29859309524627026 0.1369981214860411 -0.04362952842493385 0.42315021118732066]], [[0.09096723012595995 -0.1762186098618238 -0.014106498409298838 0.06395967623164484 0.0792159410299465; -0.1762186098618238 0.4704627476010543 0.049392718428612294 -0.07369725164387085 -0.2966324505332727; -0.014106498409298838 0.049392718428612294 0.03864862146552415 -0.03151425991572759 -0.054201698064939643; 0.06395967623164484 -0.07369725164387085 -0.03151425991572759 0.10773096648373859 0.07312964182731106; 0.0792159410299465 -0.2966324505332727 -0.054201698064939643 0.07312964182731106 0.6810086546839349], [0.23884336823669886 -0.14524817171786897 -0.17468967548075306 -0.23876730630675905 0.12263800840420544; -0.14524817171786897 0.13186609062356458 0.06890646684819858 0.14664063375402656 -0.08598662322974429; -0.17468967548075306 0.06890646684819858 0.1883809801504539 0.17990151111097413 -0.05874058344039835; -0.23876730630675905 0.14664063375402656 0.17990151111097413 0.29070298932007943 -0.1765009668155071; 0.12263800840420544 -0.08598662322974429 -0.05874058344039835 -0.1765009668155071 0.5975089623372989], [0.20202647520452946 -0.01195153978794479 -0.1274863123392769 -0.04346444012006591 -0.08063261701350197; -0.01195153978794479 0.6590733484554816 0.0765307099209746 -0.29568316022231744 0.03447282101455107; -0.1274863123392769 0.0765307099209746 0.30765152353025826 -0.06608067042952841 0.02506100034372576; -0.04346444012006591 -0.29568316022231744 -0.06608067042952841 0.25012647692245876 0.1421079162265807; -0.08063261701350197 0.03447282101455107 0.02506100034372576 0.1421079162265807 0.2805275556438358], [0.42813705131400837 0.07735187312419717 -0.010527825068375575 -0.04818356044445552 0.16498017872265214; 0.07735187312419717 0.43948106980685797 0.09081629512387118 -0.11485802911602916 0.12860336671091896; -0.010527825068375575 0.09081629512387118 0.3320892726060277 -0.18906020497022075 -0.19459218958752925; -0.04818356044445552 -0.11485802911602916 -0.18906020497022075 0.13307801617312845 0.022529396236108057; 0.16498017872265214 0.12860336671091896 -0.19459218958752925 0.022529396236108057 0.44732649389254325], [0.35208581589453464 -0.14732034397584082 -0.0809863696964868 0.06374584818441391 -0.30672759873333666; -0.14732034397584082 0.197620876136126 -0.0014008831580234274 0.1316893073715215 0.02654566312461664; -0.0809863696964868 -0.0014008831580234274 0.2701104144044478 -0.019033853933357374 0.24621527528507273; 0.06374584818441391 0.1316893073715215 -0.019033853933357374 0.2864621572316659 -0.11392870514619047; -0.30672759873333666 0.02654566312461664 0.24621527528507273 -0.11392870514619047 0.49509705231524326]], [[0.7262589188599531 -0.146778740953409 -0.1711362725028097 -0.24365328836721414 -0.00842224162793447; -0.146778740953409 0.23357933650075915 0.02143151849706663 0.014682441861414592 -0.03054810528167919; -0.1711362725028097 0.02143151849706663 0.11854454537949535 -0.05234491683323383 -0.056840207471290295; -0.24365328836721414 0.014682441861414592 -0.05234491683323383 0.3473276817238622 0.13181573622643025; -0.00842224162793447 -0.03054810528167919 -0.056840207471290295 0.13181573622643025 0.11336607970172394], [0.2727737059502777 -0.015923751149069243 0.01181483233378463 0.004611334968861306 0.12174990884232466; -0.015923751149069243 0.1363679088998844 0.05448949031433693 -0.10005548692104102 -0.017976964734017487; 0.01181483233378463 0.05448949031433693 0.291521579197026 -0.2634756349999978 -0.30758248001027566; 0.004611334968861306 -0.10005548692104102 -0.2634756349999978 0.270627505140909 0.2825644204389343; 0.12174990884232466 -0.017976964734017487 -0.30758248001027566 0.2825644204389343 0.45161317406011087], [0.11343689770242554 -0.12485233511062425 -0.04929115787853209 0.04815019544952186 -0.025500256635730262; -0.12485233511062425 0.20001009393091285 0.03571837427525493 -0.11327946890129045 0.003973797897500488; -0.04929115787853209 0.03571837427525493 0.6206625395259322 0.06936423648404945 -0.16012546552893947; 0.04815019544952186 -0.11327946890129045 0.06936423648404945 0.3270785843243937 0.17854940250142742; -0.025500256635730262 0.003973797897500488 -0.16012546552893947 0.17854940250142742 0.5099433524322858], [0.3524325099395828 -0.24207092714552783 0.11183514109610034 0.03404850556946822 0.23220266335292997; -0.24207092714552783 0.32760510133118015 -0.08862174816151339 -0.19984851633414663 -0.2081439582240047; 0.11183514109610034 -0.08862174816151339 0.3508682672281401 -0.011781815882813634 0.09805873149000892; 0.03404850556946822 -0.19984851633414663 -0.011781815882813634 0.30257249933122704 0.06215043462401487; 0.23220266335292997 -0.2081439582240047 0.09805873149000892 0.06215043462401487 0.3032715576942158], [0.3935683415619723 -0.05495645854228315 -0.09475959991136318 0.164264718648671 0.24203617928465793; -0.05495645854228315 0.13857345314999361 0.1168391050210259 -0.15586809450537661 -0.0378773602637966; -0.09475959991136318 0.1168391050210259 0.17108619047704177 -0.1343291459365567 -0.008333055698657324; 0.164264718648671 -0.15586809450537661 -0.1343291459365567 0.40582528822566627 0.30292370317368766; 0.24203617928465793 -0.0378773602637966 -0.008333055698657324 0.30292370317368766 0.37187871079137175]], [[0.4881533532983158 0.23012848453612927 -0.08380409450432452 0.25141108581014 -0.24660091361791922; 0.23012848453612927 0.1811658201666681 0.0480770949807765 0.003962629879844207 -0.1628876398421131; -0.08380409450432452 0.0480770949807765 0.17068544553377007 -0.18452665505103077 0.02409617508670641; 0.25141108581014 0.003962629879844207 -0.18452665505103077 0.323706798147464 -0.09154854459789685; -0.24660091361791922 -0.1628876398421131 0.02409617508670641 -0.09154854459789685 0.28847768464363793], [0.5363144186044446 -0.20181062472865718 0.14883701568805024 -0.057091135556180825 -0.04865222417188388; -0.20181062472865718 0.21416558589392465 0.07359977706265057 -0.058050134621458166 0.1501106844325944; 0.14883701568805024 0.07359977706265057 0.27053149924995523 -0.17573426631691016 0.06977699759534127; -0.057091135556180825 -0.058050134621458166 -0.17573426631691016 0.356048297942695 -0.22534271341354156; -0.04865222417188388 0.1501106844325944 0.06977699759534127 -0.22534271341354156 0.3063137167298254], [0.2550711420222374 0.22411055670265922 -0.01836398029943662 -0.010926304013020987 -0.021444488898704022; 0.22411055670265922 0.7021442469312275 -0.02079185567304644 -0.04280567585647242 0.17501025332475054; -0.01836398029943662 -0.02079185567304644 0.3895825295125563 0.14423603688084818 -0.05642034109770423; -0.010926304013020987 -0.04280567585647242 0.14423603688084818 0.08268923895150845 -0.006798755127867965; -0.021444488898704022 0.17501025332475054 -0.05642034109770423 -0.006798755127867965 0.25919606440065573], [0.5385404375566607 -0.2817113340483285 0.23138039640065727 -0.060489795953395216 -0.1469377994320014; -0.2817113340483285 0.19971160378975955 -0.182807817850635 0.030079974847318072 0.053894563661335715; 0.23138039640065727 -0.182807817850635 0.27200594614172546 -0.04631669907943481 0.07940380621151061; -0.060489795953395216 0.030079974847318072 -0.04631669907943481 0.2430908655969592 -0.15375605094527314; -0.1469377994320014 0.053894563661335715 0.07940380621151061 -0.15375605094527314 0.286486952889901], [0.1556589249344037 0.0732002957547606 0.0007698052505314693 0.013528791004470858 0.11762527423186532; 0.0732002957547606 0.4775278520996583 0.021931738496715862 0.25924656068566493 0.16785650214893755; 0.0007698052505314693 0.021931738496715862 0.2252255348135384 0.26414832129078025 0.09282583595723155; 0.013528791004470858 0.25924656068566493 0.26414832129078025 0.48960178227072576 0.122728258750489; 0.11762527423186532 0.16785650214893755 0.09282583595723155 0.122728258750489 0.1997704159084241]], [[0.31967552516872716 0.05996956794136246 0.10022050769460808 -0.06765136009813581 -0.026716438098403177; 0.05996956794136246 0.19654962990251879 0.11722346260950352 -0.03359727054198723 0.03444361801446569; 0.10022050769460808 0.11722346260950352 0.13676466961092193 -0.0131902999123969 -0.017182626448434234; -0.06765136009813581 -0.03359727054198723 -0.0131902999123969 0.5339952014540992 -0.4080273493524404; -0.026716438098403177 0.03444361801446569 -0.017182626448434234 -0.4080273493524404 0.3891456741975449], [0.6822216179435834 -0.03604830661687286 -0.23432710046175423 -0.032321307326754437 -0.15774024478643886; -0.03604830661687286 0.08271040636085418 0.020022679323837923 0.06445873268981858 0.06191927958415431; -0.23432710046175423 0.020022679323837923 0.1661899620404727 -0.010394037149771523 0.10831120999836924; -0.032321307326754437 0.06445873268981858 -0.010394037149771523 0.5123639452701562 0.10153907024965751; -0.15774024478643886 0.06191927958415431 0.10831120999836924 0.10153907024965751 0.11066775632966357], [0.5271760558886873 -0.01935209437079996 -0.18958030365386885 -0.12078690447295086 -0.2709287172236635; -0.01935209437079996 0.3553402346440518 -0.007525172805262002 0.023704987808770797 0.1579085703991043; -0.18958030365386885 -0.007525172805262002 0.1582169859027078 -0.06803663067654565 0.13056928237635884; -0.12078690447295086 0.023704987808770797 -0.06803663067654565 0.2856216632998588 -0.02132476963588063; -0.2709287172236635 0.1579085703991043 0.13056928237635884 -0.02132476963588063 0.381078491631855], [0.2820563195226616 -0.05817824999976913 0.03734370256092375 -0.1630694914355298 -0.24991570984608127; -0.05817824999976913 0.06831369265155939 0.08484118184990523 -0.10615440025277262 0.03235382545542917; 0.03734370256092375 0.08484118184990523 0.2015070219476423 -0.28763638613537607 -0.09225654746769213; -0.1630694914355298 -0.10615440025277262 -0.28763638613537607 0.48034298946291853 0.2435942520691649; -0.24991570984608127 0.03235382545542917 -0.09225654746769213 0.2435942520691649 0.3414529152448193], [0.407508475985621 -0.052841740410710034 -0.3273549963548226 0.0003139883956110447 0.13494220754049246; -0.052841740410710034 0.2109904975259056 0.07126754200983706 0.017181196745763107 -0.16685455574847327; -0.3273549963548226 0.07126754200983706 0.2964901390660066 -0.06258534071126876 -0.06286962587944057; 0.0003139883956110447 0.017181196745763107 -0.06258534071126876 0.29986426773867636 0.0009946358414085028; 0.13494220754049246 -0.16685455574847327 -0.06286962587944057 0.0009946358414085028 0.5225881574601753]], [[0.16588547396073602 -0.025933978159369115 -0.0997697066482284 0.1198251338606983 0.011754755882657134; -0.025933978159369115 0.14856510545759283 0.048388681387805305 -0.020673520154356445 -0.0007537886934719679; -0.0997697066482284 0.048388681387805305 0.5870393637013145 -0.38327785408271026 0.23625911191707524; 0.1198251338606983 -0.020673520154356445 -0.38327785408271026 0.3053582636051868 -0.13254093760365085; 0.011754755882657134 -0.0007537886934719679 0.23625911191707524 -0.13254093760365085 0.12724901892261958], [0.17018421791381896 0.12663683266113668 0.015511480579638564 0.2259239339370289 0.0967725515029039; 0.12663683266113668 0.2605900898140903 -0.18969627538009562 0.03709399140928523 0.05172828563358866; 0.015511480579638564 -0.18969627538009562 0.4227233472665782 0.13428825865659233 -0.0664585701946851; 0.2259239339370289 0.03709399140928523 0.13428825865659233 0.6048443844715059 0.0372072878444559; 0.0967725515029039 0.05172828563358866 -0.0664585701946851 0.0372072878444559 0.2783674863549191], [0.28043230564340754 -0.16459049933648762 0.3439361379990774 -0.023795079018325286 0.042711261435524166; -0.16459049933648762 0.18624642170115013 -0.22422682993383725 -0.00866858961450011 0.030613154903652913; 0.3439361379990774 -0.22422682993383725 0.6700876167266434 -0.07622240527254596 -0.05982638148688701; -0.023795079018325286 -0.00866858961450011 -0.07622240527254596 0.10056545131124683 -0.0021486897323586764; 0.042711261435524166 0.030613154903652913 -0.05982638148688701 -0.0021486897323586764 0.1030861599342884], [0.3400759703772188 -0.12820049510045278 -0.07975498513247781 -0.2565390954799021 0.055673750532117455; -0.12820049510045278 0.11750006950229043 0.17742126501038882 0.17636206905741414 -0.07566667442584245; -0.07975498513247781 0.17742126501038882 0.3984509074816825 0.22010639938834675 -0.06468386983878052; -0.2565390954799021 0.17636206905741414 0.22010639938834675 0.5052509350591226 -0.07898287464018865; 0.055673750532117455 -0.07566667442584245 -0.06468386983878052 -0.07898287464018865 0.13686244214005888], [0.19456091574698642 0.07180509358699232 0.09670422754729922 -0.14919009247544207 -0.006060132860549451; 0.07180509358699232 0.43303707158364957 -0.2275917128100301 0.0027579286288557056 0.02374901600428745; 0.09670422754729922 -0.2275917128100301 0.7303129672858689 -0.049613889452665684 0.06418478197973598; -0.14919009247544207 0.0027579286288557056 -0.049613889452665684 0.21415598487410345 -0.02725631904202825; -0.006060132860549451 0.02374901600428745 0.06418478197973598 -0.02725631904202825 0.04912708968036154]], [[0.23056932417457604 0.11845966316606071 -0.09205594969541674 -0.10887618982063778 -0.23347824062150552; 0.11845966316606071 0.4597539842440585 -0.0456225848653854 -0.09514666481609506 0.09091924474811217; -0.09205594969541674 -0.0456225848653854 0.1562685336820147 0.11526935928406602 0.005892835121485356; -0.10887618982063778 -0.09514666481609506 0.11526935928406602 0.2630944418256833 0.11814246551691171; -0.23347824062150552 0.09091924474811217 0.005892835121485356 0.11814246551691171 0.6088672222596628], [0.3523634511678322 -0.1284188160093651 0.08314537045343458 -0.06943046420690036 -0.319159874655669; -0.1284188160093651 0.1770281516342179 -0.06688620141356666 0.0035106123523508666 0.10932263384913586; 0.08314537045343458 -0.06688620141356666 0.055157829989573276 0.1024239735101218 -0.10106632823952584; -0.06943046420690036 0.0035106123523508666 0.1024239735101218 0.5892038616414729 -0.01695735229936278; -0.319159874655669 0.10932263384913586 -0.10106632823952584 -0.01695735229936278 0.3990749708257461], [0.3899409151918681 0.06439896168122179 -0.03438484234926537 -0.1598556373377676 0.2376860455972266; 0.06439896168122179 0.31845460556122335 -0.0681242670727399 -0.06697540811056671 -0.11430105885236251; -0.03438484234926537 -0.0681242670727399 0.176403555841963 -0.2121596282952354 -0.06376098657619678; -0.1598556373377676 -0.06697540811056671 -0.2121596282952354 0.5365123491336334 -0.05940220853954872; 0.2376860455972266 -0.11430105885236251 -0.06376098657619678 -0.05940220853954872 0.3212766542966332], [0.26496409239111807 -0.03948355751119829 -0.15390996639793042 0.13421038620889192 0.13289545241211587; -0.03948355751119829 0.3858685378044667 -0.11182352864297125 -0.14125734178439425 0.03277170512051908; -0.15390996639793042 -0.11182352864297125 0.520133431870638 0.2502844369561768 -0.12058321554681027; 0.13421038620889192 -0.14125734178439425 0.2502844369561768 0.38600259165258 0.06760484084695982; 0.13289545241211587 0.03277170512051908 -0.12058321554681027 0.06760484084695982 0.09460814014427309], [0.11776741321804449 0.12234439730227639 -0.02910587861351291 -0.0034495316440485996 0.08605064175425937; 0.12234439730227639 0.4179762391720516 0.16396529222204764 0.3134915984481828 0.009908575715522547; -0.02910587861351291 0.16396529222204764 0.3196316134628698 0.3196301424936536 -0.01783654280932927; -0.0034495316440485996 0.3134915984481828 0.3196301424936536 0.4366214449140698 -0.052187179100236986; 0.08605064175425937 0.009908575715522547 -0.01783654280932927 -0.052187179100236986 0.10597410647681438]], [[0.26842628593298845 -0.1567876928176897 0.10793490572374355 -0.07417231106849458 -0.29408543489696853; -0.1567876928176897 0.1471199833905589 -0.06810183673259282 0.13868999696921624 0.0628014611595042; 0.10793490572374355 -0.06810183673259282 0.29445396182423117 -0.13039395822656952 -0.17916149122322814; -0.07417231106849458 0.13868999696921624 -0.13039395822656952 0.2950137390094795 -0.07872236720215994; -0.29408543489696853 0.0628014611595042 -0.17916149122322814 -0.07872236720215994 0.5566827916639351], [0.07602289877454305 -0.049543930556000454 0.05462877468340643 0.03873001797083787 0.04924753711101114; -0.049543930556000454 0.4904680693026808 0.05901384553291897 0.333296482754609 0.0782898762441782; 0.05462877468340643 0.05901384553291897 0.09641168807093453 0.06019119023534221 0.007220170428229834; 0.03873001797083787 0.333296482754609 0.06019119023534221 0.44087504999179494 0.2102954876441483; 0.04924753711101114 0.0782898762441782 0.007220170428229834 0.2102954876441483 0.4405354912499228], [0.175980300748432 -0.011294692271110964 0.0007097426273778457 0.056607257979353495 0.11429459887480764; -0.011294692271110964 0.20263065697300334 0.2275553357657543 -0.0531989099872382 -0.14638753244375963; 0.0007097426273778457 0.2275553357657543 0.3796332182482575 -0.20385356217969017 -0.25436623967891125; 0.056607257979353495 -0.0531989099872382 -0.20385356217969017 0.444348437932773 0.22359475035352172; 0.11429459887480764 -0.14638753244375963 -0.25436623967891125 0.22359475035352172 0.298371485093758], [0.4745654447472141 0.04050395856947252 -0.04279991839334388 0.002147691377998386 0.17794493986629575; 0.04050395856947252 0.4851492794692132 0.05214331906017348 0.08407463613647824 -0.00106506659606963; -0.04279991839334388 0.05214331906017348 0.5723097400254674 0.1170255591619132 0.022911497329283062; 0.002147691377998386 0.08407463613647824 0.1170255591619132 0.04266904329409758 -0.011935895218053655; 0.17794493986629575 -0.00106506659606963 0.022911497329283062 -0.011935895218053655 0.30244655243591456], [0.48497731487118273 0.22005288497593695 -0.05744606251086919 -0.11098499838076481 0.014032092990078156; 0.22005288497593695 0.5221149571015552 0.07198830892076673 -0.2645482171070556 0.0977164374409449; -0.05744606251086919 0.07198830892076673 0.09316929449707248 -0.019603079835721855 0.002300142882469777; -0.11098499838076481 -0.2645482171070556 -0.019603079835721855 0.1654638864687524 -0.13023399065802432; 0.014032092990078156 0.0977164374409449 0.002300142882469777 -0.13023399065802432 0.35146023043837105]], [[0.25522962632235613 -0.18109049345637218 -0.061439736208016474 -0.1788111832084941 0.16333738523281882; -0.18109049345637218 0.32021408625020104 0.05329474416562399 -0.02588595677129917 0.06170813071286381; -0.061439736208016474 0.05329474416562399 0.023399343618047675 0.024331445911104872 -0.034764162811826; -0.1788111832084941 -0.02588595677129917 0.024331445911104872 0.48437733539697764 -0.3256168439500146; 0.16333738523281882 0.06170813071286381 -0.034764162811826 -0.3256168439500146 0.4200227906497782], [0.19159464206865548 -0.02298116843729996 0.17969947346713705 -0.019588078757635966 -0.04233720286803415; -0.02298116843729996 0.33786127063800675 0.05112700818060204 0.2471892870785721 -0.16412511264771695; 0.17969947346713705 0.05112700818060204 0.317950507628145 0.002619150590746375 -0.05499750953227485; -0.019588078757635966 0.2471892870785721 0.002619150590746375 0.6853761271526537 -0.0699913538589041; -0.04233720286803415 -0.16412511264771695 -0.05499750953227485 -0.0699913538589041 0.10558444681410761], [0.38635680909919207 0.19754980322555693 0.19263525075424565 0.061791437869600306 -0.014475250548694035; 0.19754980322555693 0.20957708655450413 0.1241578728181638 0.04693689768328568 -0.0508100522700764; 0.19263525075424565 0.1241578728181638 0.2679277324139245 -0.05522862448987575 -0.24031484895872998; 0.061791437869600306 0.04693689768328568 -0.05522862448987575 0.06292977611240475 0.12477255490839778; -0.014475250548694035 -0.0508100522700764 -0.24031484895872998 0.12477255490839778 0.6144895584107635], [0.3402655656981259 0.050842521345067546 -0.07321895867948389 -0.025364747452406897 0.16553058189435826; 0.050842521345067546 0.1587212691650337 0.10806017798417111 0.19564192458556906 0.1541991462568965; -0.07321895867948389 0.10806017798417111 0.2830769534173315 0.27147916365527425 0.014138206399125938; -0.025364747452406897 0.19564192458556906 0.27147916365527425 0.47915588614048604 0.21295217448667272; 0.16553058189435826 0.1541991462568965 0.014138206399125938 0.21295217448667272 0.3022670087845013], [0.13360294035557857 -0.04118526638941143 -0.18479690906028948 0.20492410706108255 0.07105804772109721; -0.04118526638941143 0.056760560401822605 0.09449708304094284 -0.11612177963371087 -0.04807774032321663; -0.18479690906028948 0.09449708304094284 0.3169848425879955 -0.3390658940271052 -0.12694214687868435; 0.20492410706108255 -0.11612177963371087 -0.3390658940271052 0.4976875451563071 0.25107424984021504; 0.07105804772109721 -0.04807774032321663 -0.12694214687868435 0.25107424984021504 0.1651977110582003]], [[0.0980827141494843 0.10254097213618826 0.012981265928862017 -0.11916882040973567 -0.12969934283429424; 0.10254097213618826 0.21394190802453286 -0.07649121671777746 -0.15756513464375937 -0.24929159641873017; 0.012981265928862017 -0.07649121671777746 0.2200976497492675 -0.17743725868460358 0.04352748674530739; -0.11916882040973567 -0.15756513464375937 -0.17743725868460358 0.4759832489513557 0.2947129407691201; -0.12969934283429424 -0.24929159641873017 0.04352748674530739 0.2947129407691201 0.40009547972716913], [0.5091050046205927 0.17993301435882278 -0.17979532034564255 0.15880285752118758 -0.12719036501789913; 0.17993301435882278 0.23012313815546548 -0.1050360977799274 -0.03502469834899592 0.09910426446772339; -0.17979532034564255 -0.1050360977799274 0.3839050332971322 0.026119538497017845 0.21592592661872262; 0.15880285752118758 -0.03502469834899592 0.026119538497017845 0.21920871480599813 -0.11101697839930555; -0.12719036501789913 0.09910426446772339 0.21592592661872262 -0.11101697839930555 0.3417601341202302], [0.16156961740059914 -0.01286688568026999 -0.18964633188892632 -0.20869383642121742 -0.031021932849390397; -0.01286688568026999 0.09330356843879184 -0.17093154653589504 0.0029482344103303345 0.005916336651376249; -0.18964633188892632 -0.17093154653589504 0.6900914078842422 0.23642738352927434 0.0001948707688397537; -0.20869383642121742 0.0029482344103303345 0.23642738352927434 0.29162459904535437 0.08224044746106011; -0.031021932849390397 0.005916336651376249 0.0001948707688397537 0.08224044746106011 0.24244517407641036], [0.27281802970456503 -0.2844097241163354 0.25376630133545097 0.10682482528733053 -0.03501852084653223; -0.2844097241163354 0.4407721435905873 -0.3054852323940421 -0.09962548472815644 -0.005271149071901381; 0.25376630133545097 -0.3054852323940421 0.31223074005866425 0.09218195136354074 -0.07508622447189517; 0.10682482528733053 -0.09962548472815644 0.09218195136354074 0.10953494361340024 0.023886335542842065; -0.03501852084653223 -0.005271149071901381 -0.07508622447189517 0.023886335542842065 0.2645669061390738], [0.2707988220525619 -0.021821860011458662 -0.19666089749504007 -0.037663498349579716 0.20894574787397718; -0.021821860011458662 0.18255838638595293 0.1683836855827731 0.11023423245114321 -0.20353784183151524; -0.19666089749504007 0.1683836855827731 0.36257914442371253 0.09276148179641515 -0.19323152308635458; -0.037663498349579716 0.11023423245114321 0.09276148179641515 0.1402006314938592 -0.17319134683946172; 0.20894574787397718 -0.20353784183151524 -0.19323152308635458 -0.17319134683946172 0.5079587820573053]], [[0.14969048470001067 0.08375419250232342 -0.10646750222304192 0.09526908439524938 0.07799330963240422; 0.08375419250232342 0.23880775761495146 0.06714967980281672 -0.031621770776164536 0.06303825423585482; -0.10646750222304192 0.06714967980281672 0.27883792202750673 -0.12576979923030707 -0.08648598320150896; 0.09526908439524938 -0.031621770776164536 -0.12576979923030707 0.7692276922987589 0.21875682560301393; 0.07799330963240422 0.06303825423585482 -0.08648598320150896 0.21875682560301393 0.1510390000495238], [0.12327625053431991 -0.08374721970160791 0.16957022588579437 0.05100055550136932 -0.08661124025074358; -0.08374721970160791 0.5653490560472909 0.029681896219526202 0.06900166097569281 0.03658407557849152; 0.16957022588579437 0.029681896219526202 0.6209914572128491 -0.042280927406750206 -0.23178087527797894; 0.05100055550136932 0.06900166097569281 -0.042280927406750206 0.21920084364962397 0.04016648958164406; -0.08661124025074358 0.03658407557849152 -0.23178087527797894 0.04016648958164406 0.1074964837892813], [0.1508157097172503 -0.17505996270340668 -0.12110471765732667 -0.10853039778006972 -0.10761335104985446; -0.17505996270340668 0.4099723929352161 0.008336487082428363 0.05154372579899609 -0.026762340797988417; -0.12110471765732667 0.008336487082428363 0.24197213865344835 0.14940113698119864 0.3061433618019207; -0.10853039778006972 0.05154372579899609 0.14940113698119864 0.31739277152700257 0.034569249605291924; -0.10761335104985446 -0.026762340797988417 0.3061433618019207 0.034569249605291924 0.5207504117570654], [0.28001913585644755 0.06312027421977068 0.21914971719939905 -0.07888633763581009 -0.29320130635818287; 0.06312027421977068 0.1575782771555133 0.04710313742491745 0.043067945726264996 -0.11483744928461118; 0.21914971719939905 0.04710313742491745 0.5673599377053166 -0.04834087056122575 -0.20772518950810762; -0.07888633763581009 0.043067945726264996 -0.04834087056122575 0.2035790621392828 0.05613358590213339; -0.29320130635818287 -0.11483744928461118 -0.20772518950810762 0.05613358590213339 0.33647800403813], [0.682710167180492 0.17978495153174662 -0.1579168223710566 -0.14900479359203517 -0.05812680609370919; 0.17978495153174662 0.18657139524233138 0.09336057894715759 -0.16323927360199603 -0.11685610116142983; -0.1579168223710566 0.09336057894715759 0.39894213785070953 -0.0059281830707907015 -0.06392193457402892; -0.14900479359203517 -0.16323927360199603 -0.0059281830707907015 0.20115509136984666 0.08861167016839765; -0.05812680609370919 -0.11685610116142983 -0.06392193457402892 0.08861167016839765 0.1086883030408814]], [[0.1528095908670447 0.12943400505428687 0.04031493748143314 -0.11037603824680234 0.0696050304981948; 0.12943400505428687 0.5142955818843625 -0.09272290816506724 -0.18190190829630995 0.15063841704273795; 0.04031493748143314 -0.09272290816506724 0.22295226147929215 0.03339353251062783 -0.14511437707425853; -0.11037603824680234 -0.18190190829630995 0.03339353251062783 0.5532309208780051 -0.165341328319408; 0.0696050304981948 0.15063841704273795 -0.14511437707425853 -0.165341328319408 0.2403894110566658], [0.15991531139872547 -0.045555667797904084 0.04894628783764614 0.04710855558432562 0.00248771395868539; -0.045555667797904084 0.27854050432847327 -0.09828434825641719 -0.15840242691590217 0.18976881208767196; 0.04894628783764614 -0.09828434825641719 0.10668211847978072 0.0009858257792181714 -0.05165129683997121; 0.04710855558432562 -0.15840242691590217 0.0009858257792181714 0.5521889281411485 -0.3365894137985281; 0.00248771395868539 0.18976881208767196 -0.05165129683997121 -0.3365894137985281 0.4401209570904442], [0.6085795030263907 0.09032598192628624 0.038920391827980155 0.4308392238700209 0.030059525860133367; 0.09032598192628624 0.15453456417346956 0.1254443841789282 0.013311476210783917 0.06775832272468568; 0.038920391827980155 0.1254443841789282 0.1771256060369252 -0.03502231290898776 0.021143652353424205; 0.4308392238700209 0.013311476210783917 -0.03502231290898776 0.3617385392814531 -0.019762173947254526; 0.030059525860133367 0.06775832272468568 0.021143652353424205 -0.019762173947254526 0.07736241881570148], [0.35600413318865887 -0.012671389640657223 -0.022005912936102816 0.15100402588230274 0.08902579265172816; -0.012671389640657223 0.15381853944752613 -0.0365726248098771 0.059964838619298695 -0.04574404679137726; -0.022005912936102816 -0.0365726248098771 0.19114591213839885 -0.07240066325969423 0.1822387174034451; 0.15100402588230274 0.059964838619298695 -0.07240066325969423 0.7088078534411294 0.08210827594529777; 0.08902579265172816 -0.04574404679137726 0.1822387174034451 0.08210827594529777 0.3787736184092062], [0.06831793154616686 0.06379973421180007 0.08911479357258337 0.08081069453422547 0.020174005214674058; 0.06379973421180007 0.24191990955534615 0.32122459523468505 0.1849187423088814 0.07076388126939934; 0.08911479357258337 0.32122459523468505 0.4900745519291121 0.2545852194931592 0.11822171699563398; 0.08081069453422547 0.1849187423088814 0.2545852194931592 0.18989183436399068 0.038498894283356726; 0.020174005214674058 0.07076388126939934 0.11822171699563398 0.038498894283356726 0.42113804835771923]], [[0.045841453976596565 -0.04224580343812356 -0.0004956799330921017 -0.018490436083999414 0.029349742355317492; -0.04224580343812356 0.167227182530974 -0.02077303883198072 -0.04587441279140678 -0.27879626031622246; -0.0004956799330921017 -0.02077303883198072 0.09857493724947419 0.03606546663433972 -0.08199166877078776; -0.018490436083999414 -0.04587441279140678 0.03606546663433972 0.11727984791459148 -0.021873092984942194; 0.029349742355317492 -0.27879626031622246 -0.08199166877078776 -0.021873092984942194 0.8734731227398107], [0.4292390301696009 0.038205087396761594 0.022092280025423416 -0.1563456146094258 -0.0268226595019878; 0.038205087396761594 0.21689289117717211 0.037986198206596954 -0.03273563861123041 -0.05211346456149334; 0.022092280025423416 0.037986198206596954 0.06051585753673552 0.062359679763515495 0.13155614793567483; -0.1563456146094258 -0.03273563861123041 0.062359679763515495 0.1645413631596681 0.24646516067198831; -0.0268226595019878 -0.05211346456149334 0.13155614793567483 0.24646516067198831 0.7137301091209572], [0.2544876263826058 -0.16052565392636095 0.045956867305922834 0.08903884651187198 -0.05374620734454782; -0.16052565392636095 0.15038272905830963 -0.0018544855322559116 -0.07833697184092839 0.04252183867716345; 0.045956867305922834 -0.001854485532255911