Matrices : Any[[[0.2870937336236598 -0.11911869447266996 0.011701453972614923 0.00780395449447416 -0.031170388241372866 0.00945932542166917; -0.11911869447266996 0.37380573063437267 -0.026418105310657178 -0.03833771007392858 0.2521937658930996 -0.04582025927120222; 0.011701453972614923 -0.026418105310657178 0.0591093730876509 0.04868893426628518 0.025460471371136315 -0.11817709282572486; 0.00780395449447416 -0.03833771007392858 0.04868893426628518 0.2847714126171689 -0.0030852637657415864 -0.30705909079949323; -0.031170388241372866 0.2521937658930996 0.025460471371136315 -0.0030852637657415864 0.2344609720323155 -0.08611808861157232; 0.00945932542166917 -0.04582025927120222 -0.11817709282572486 -0.30705909079949323 -0.08611808861157232 0.48400427472764224], [0.35541863204563395 -0.1863194923751875 -0.1517687092347597 0.14020233845913843 -0.09352102188783348 0.07402384642778788; -0.1863194923751875 0.3171583292858287 0.04103632464825344 0.024701516992837035 0.013655373603167691 -0.15021362651563513; -0.1517687092347597 0.04103632464825344 0.48413399779999905 -0.11227236327250309 0.04470488196632217 0.24808919774254878; 0.14020233845913843 0.024701516992837035 -0.11227236327250309 0.11318195183068286 -0.04796838435762722 -0.033852035387627766; -0.09352102188783348 0.013655373603167691 0.04470488196632217 -0.04796838435762722 0.09723341584718342 0.03366966694786761; 0.07402384642778788 -0.15021362651563513 0.24808919774254878 -0.033852035387627766 0.03366966694786761 0.3487426088601521], [0.5624575714173621 0.26511464083038694 -0.10069204531309048 0.016492770785898402 -0.08912012137971095 -0.13376759014053136; 0.26511464083038694 0.3246566135743007 0.08431282628296918 0.11131764354111014 -0.002903927413226093 -0.19893097876852733; -0.10069204531309048 0.08431282628296918 0.2117928495479764 0.12836648890926436 -0.03044033783830334 0.004451157489427853; 0.016492770785898402 0.11131764354111014 0.12836648890926436 0.11546702943403808 0.014746855768420183 -0.047329969972843666; -0.08912012137971095 -0.002903927413226093 -0.03044033783830334 0.014746855768420183 0.29105303925458836 -0.02080192143328935; -0.13376759014053136 -0.19893097876852733 0.004451157489427853 -0.047329969972843666 -0.02080192143328935 0.25195099034588003], [0.27039723896591705 -0.0836274734817035 0.06268692777924907 -0.15381633012594564 -0.19584974181945222 -0.1357487735251569; -0.0836274734817035 0.2466043611723347 -0.008038109929763445 0.2029502685571681 -0.0008078547551691752 -0.056519546300669514; 0.06268692777924907 -0.008038109929763445 0.1612130299586253 -0.04124839370688393 -0.17813635205028108 -0.059782345578112815; -0.15381633012594564 0.2029502685571681 -0.04124839370688393 0.34386781414487977 0.1402783419225324 -0.02705287143553414; -0.19584974181945222 -0.0008078547551691752 -0.17813635205028108 0.1402783419225324 0.46735868892447074 0.20520373856701135; -0.1357487735251569 -0.056519546300669514 -0.059782345578112815 -0.02705287143553414 0.20520373856701135 0.18090861561340504], [0.19666093760208284 0.08494963241357216 0.07083993146056809 0.035970004764032795 0.07446227456835863 -0.19752111274570458; 0.08494963241357216 0.23888389782573094 0.0035035415389948845 -0.09318585196827298 0.1593564127274379 -0.17846279149793018; 0.07083993146056809 0.0035035415389948845 0.340978101070172 -0.14383048438464513 -0.013017903974349458 -0.16921393580100183; 0.035970004764032795 -0.09318585196827298 -0.14383048438464513 0.3348145141146512 -0.13307343526301035 0.16114914261467875; 0.07446227456835863 0.1593564127274379 -0.013017903974349458 -0.13307343526301035 0.2985703444928134 -0.08980520447197846; -0.19752111274570458 -0.17846279149793018 -0.16921393580100183 0.16114914261467875 -0.08980520447197846 0.3690914312181596], [0.19441022691257395 -0.05112801614868742 -0.001110986055943431 0.10463063019763122 -0.14926518555372503 -0.023780065720914415; -0.05112801614868742 0.33375937919013426 0.06965799905100266 0.007281419921501149 0.10690441693274631 -0.06642931594255493; -0.001110986055943431 0.06965799905100266 0.19041220454886604 -0.024157919357898062 -0.16262174483279013 0.08241909018579317; 0.10463063019763122 0.007281419921501149 -0.024157919357898062 0.10526949583957688 -0.13955003938340768 -0.10351767715289169; -0.14926518555372503 0.10690441693274631 -0.16262174483279013 -0.13955003938340768 0.6398887375054313 -0.049619695508798405; -0.023780065720914415 -0.06642931594255493 0.08241909018579317 -0.10351767715289169 -0.049619695508798405 0.3830846532361736]], [[0.09440491518678722 0.02129585997671866 0.000842594062869772 0.03985227625983372 0.09319965874970845 0.06499040010712363; 0.02129585997671866 0.37732181071299126 0.0015468258009515995 -0.0804700155966686 0.22362882678239804 0.2009066698641384; 0.000842594062869772 0.0015468258009515995 0.22832934312743908 0.14815230888297037 0.0257417329063557 -0.15501334850216425; 0.03985227625983372 -0.0804700155966686 0.14815230888297037 0.20521817370763829 -0.04805357928276718 -0.21249153750057498; 0.09319965874970845 0.22362882678239804 0.0257417329063557 -0.04805357928276718 0.272430451190926 0.2238163308232748; 0.06499040010712363 0.2009066698641384 -0.15501334850216425 -0.21249153750057498 0.2238163308232748 0.4101815853008537], [0.2799020717095904 0.053066758185490046 0.1166980424951737 0.07106089631651641 0.17649151944080874 0.19923300989818227; 0.053066758185490046 0.2385542801830185 -0.22449853433712594 0.11782626590009138 0.0055186857033904 0.10183485398735008; 0.1166980424951737 -0.22449853433712594 0.35251374039063804 -0.1172964252410193 0.07324767656702132 0.02478901952142031; 0.07106089631651641 0.11782626590009138 -0.1172964252410193 0.11807088158916991 0.038833927593536315 0.11919867487356815; 0.17649151944080874 0.0055186857033904 0.07324767656702132 0.038833927593536315 0.29302193422021905 0.1579384655796776; 0.19923300989818227 0.10183485398735008 0.02478901952142031 0.11919867487356815 0.1579384655796776 0.43111327279043965], [0.27446982811151416 0.028784709974744364 0.16795261657059574 0.10642840123274139 -0.18116306771929253 -0.06517527226165296; 0.028784709974744364 0.1436447692111107 -0.1405498053156079 -0.12845626356973414 0.008081178110337602 -0.10555754615864787; 0.16795261657059574 -0.1405498053156079 0.3356484514858388 0.18618595901781432 -0.16327407324984664 -0.004096348833901189; 0.10642840123274139 -0.12845626356973414 0.18618595901781432 0.28251694910626557 0.02843648385006072 0.11940665995586439; -0.18116306771929253 0.008081178110337602 -0.16327407324984664 0.02843648385006072 0.5095762195018371 0.03335764168730104; -0.06517527226165296 -0.10555754615864787 -0.004096348833901189 0.11940665995586439 0.03335764168730104 0.21693418579538842], [0.40139609276136407 0.13268485971046168 0.023206759954624543 0.18900743892687025 0.017609576470529763 0.08019451508374695; 0.13268485971046168 0.4450224809146827 0.04694350059775343 0.24510088894563392 0.03561932371997695 0.003890009588043549; 0.023206759954624543 0.04694350059775343 0.09742163920817463 -0.007449029472674888 0.007072035996103273 -0.026072329240521937; 0.18900743892687025 0.24510088894563392 -0.007449029472674888 0.45136200768983625 -0.10147335228941702 0.13027786035826353; 0.017609576470529763 0.03561932371997695 0.007072035996103273 -0.10147335228941702 0.12029282420858552 -0.02293987402506215; 0.08019451508374695 0.003890009588043549 -0.026072329240521937 0.13027786035826353 -0.02293987402506215 0.32809149300322393], [0.28253388499632365 0.31669354700706787 -0.07371498851404822 0.01268193159002447 0.06214902340425287 -0.059673394272184474; 0.31669354700706787 0.5622984917901189 0.09364610349546233 -0.060561911908912636 0.14483817486326386 0.021660442189198145; -0.07371498851404822 0.09364610349546233 0.26893482957361486 -0.006455108874245054 0.08622908066594637 0.13184818542341017; 0.01268193159002447 -0.060561911908912636 -0.006455108874245054 0.32226438553664305 -0.0575676395851074 -0.03577100566327065; 0.06214902340425287 0.14483817486326386 0.08622908066594637 -0.0575676395851074 0.19448510386670484 0.006807534111491194; -0.059673394272184474 0.021660442189198145 0.13184818542341017 -0.03577100566327065 0.006807534111491194 0.19129335200380915], [0.2150988849189056 0.21695844865977115 0.14397146197475097 0.163241344343124 -0.13136294470822912 0.016186192115378785; 0.21695844865977115 0.4655082608677909 0.13817489908134378 0.15075432924985968 -0.159798557190025 0.11404587095418495; 0.14397146197475097 0.13817489908134378 0.23422626566415553 0.11577978574717977 -0.15162091438970854 0.12066886706834246; 0.163241344343124 0.15075432924985968 0.11577978574717977 0.24863629210192176 -0.10935949190242647 0.1005360720878221; -0.13136294470822912 -0.159798557190025 -0.15162091438970854 -0.10935949190242647 0.14393497602901062 -0.050121659123584864; 0.016186192115378785 0.11404587095418495 0.12066886706834246 0.1005360720878221 -0.050121659123584864 0.2528150359829692]], [[0.14438910878421743 0.09950073600497968 0.18127403921201246 -0.05056532417123898 -0.025129403643407367 0.05439399702565153; 0.09950073600497968 0.33255885556434034 0.21464014829128716 -0.08026409438383161 0.05071746910559301 0.018965735558219985; 0.18127403921201246 0.21464014829128716 0.4568340904972133 -0.16231447708197774 -0.09756098311895155 0.1852151471106934; -0.05056532417123898 -0.08026409438383161 -0.16231447708197774 0.11225392823493273 -0.011789868092622589 -0.02912952091340285; -0.025129403643407367 0.05071746910559301 -0.09756098311895155 -0.011789868092622589 0.14888798118557592 -0.153649885989135; 0.05439399702565153 0.018965735558219985 0.1852151471106934 -0.02912952091340285 -0.153649885989135 0.4762944762703429], [0.14480966858837455 0.026800477182446783 0.024406900598024132 -0.02831454387463978 -0.013499594875345482 -0.03880347949035132; 0.026800477182446783 0.17524456885717163 0.1130496250682264 0.13658192535592237 0.1991553700460492 -0.17235102262705737; 0.024406900598024132 0.1130496250682264 0.28718408823325287 0.07980243958052029 0.12996307417730585 -0.29918377193857193; -0.02831454387463978 0.13658192535592237 0.07980243958052029 0.14520748224242677 0.17256600056630392 -0.14853380278474884; -0.013499594875345482 0.1991553700460492 0.12996307417730585 0.17256600056630392 0.26745956879275995 -0.1996690548029964; -0.03880347949035132 -0.17235102262705737 -0.29918377193857193 -0.14853380278474884 -0.1996690548029964 0.3937701766144117], [0.23273654907714064 0.04783990042685476 -0.02597409528810418 -0.0028663077790050725 0.22049027879417538 0.026472990506540856; 0.04783990042685476 0.2916355292623824 0.06522246618039321 -0.09638676740042502 -0.006482001404917613 0.17633190868252563; -0.02597409528810418 0.06522246618039321 0.13819369109575444 -0.1610549427610381 -0.09446813843153921 0.0273446219839866; -0.0028663077790050725 -0.09638676740042502 -0.1610549427610381 0.5401444967303849 -0.002511394262716022 -0.15927674690829108; 0.22049027879417538 -0.006482001404917613 -0.09446813843153921 -0.002511394262716022 0.34395989947790107 0.12568121776948962; 0.026472990506540856 0.17633190868252563 0.0273446219839866 -0.15927674690829108 0.12568121776948962 0.2900371026972284], [0.23392392263085163 0.2060786661297844 0.12264722709000776 -0.05835400677902731 -0.05600765221336854 -0.08029656048673013; 0.2060786661297844 0.4589897795480894 -0.12227878422013232 0.02798425692178678 -0.013814455555968323 -0.1668448441434809; 0.12264722709000776 -0.12227878422013232 0.3386398863788146 -0.15666579610800999 -0.10285717613557845 -0.03739377655765816; -0.05835400677902731 0.02798425692178678 -0.15666579610800999 0.24368068029501333 0.22681457237775376 0.06920195280643564; -0.05600765221336854 -0.013814455555968323 -0.10285717613557845 0.22681457237775376 0.22319649246990578 0.08658776450753221; -0.08029656048673013 -0.1668448441434809 -0.03739377655765816 0.06920195280643564 0.08658776450753221 0.28583267439248644], [0.35776769566090383 0.07103477903708652 -0.20076226393354502 0.08233981981779397 0.20637962443862506 0.16016551705577636; 0.07103477903708652 0.240386461696945 0.052382334285694304 -0.04273490520668856 0.07095781435957114 -0.08643306459311416; -0.20076226393354502 0.052382334285694304 0.316976181640943 -0.17990473718133124 -0.03390502332347367 -0.16621486002484412; 0.08233981981779397 -0.04273490520668856 -0.17990473718133124 0.2378192787547871 -0.10911204225977482 0.2047057337588763; 0.20637962443862506 0.07095781435957114 -0.03390502332347367 -0.10911204225977482 0.2564134398755997 -0.05764401272346401; 0.16016551705577636 -0.08643306459311416 -0.16621486002484412 0.2047057337588763 -0.05764401272346401 0.28280876207525973], [0.311048129827592 -0.09421110145665594 0.03778764616518467 0.12078326909098325 0.032490417908373086 -0.04046438428316681; -0.09421110145665594 0.3724664523664893 0.12800153186234203 -0.15010326157722373 0.011106677252024686 0.04960154776303367; 0.03778764616518467 0.12800153186234203 0.38668940971473886 -0.32076690558333937 -0.09234857773337483 -0.1289491865245573; 0.12078326909098325 -0.15010326157722373 -0.32076690558333937 0.39120623556442574 0.08311577654368917 0.06316053427938179; 0.032490417908373086 0.011106677252024686 -0.09234857773337483 0.08311577654368917 0.13905056506459593 -0.02319971937198525; -0.04046438428316681 0.04960154776303367 -0.1289491865245573 0.06316053427938179 -0.02319971937198525 0.15961395363431527]], [[0.2787298368969664 0.15084950917904008 -0.1323145578278426 0.15266600154635607 0.028391451688317484 -0.021349115635457445; 0.15084950917904008 0.6082849382167964 0.07407898159148814 -0.002191799025502844 0.018130635632005457 -0.21258394904753014; -0.1323145578278426 0.07407898159148814 0.334801561892368 -0.05912855228037393 -0.11080454607300896 -0.06873870450996028; 0.15266600154635607 -0.002191799025502844 -0.05912855228037393 0.15011571133243248 -0.0910979192611981 0.050449823543664896; 0.028391451688317484 0.018130635632005457 -0.11080454607300896 -0.0910979192611981 0.23672513687736138 -0.09978252585308812; -0.021349115635457445 -0.21258394904753014 -0.06873870450996028 0.050449823543664896 -0.09978252585308812 0.21759000438985854], [0.1129034672605611 -0.04916621478518772 -0.07091748806384554 0.0005167542634413275 0.03280109141684449 -0.09366982332454547; -0.04916621478518772 0.516660906484543 -0.07646918683781177 -0.13458414480789208 0.1028649925622278 -0.17571830458932192; -0.07091748806384554 -0.07646918683781177 0.18663366499096967 0.0869715051536344 -0.07998430431381069 0.16077430756968838; 0.0005167542634413275 -0.13458414480789208 0.0869715051536344 0.2654557317536034 -0.22954875810031997 0.15338133668514287; 0.03280109141684449 0.1028649925622278 -0.07998430431381069 -0.22954875810031997 0.2683574804162364 -0.1819494515174932; -0.09366982332454547 -0.17571830458932192 0.16077430756968838 0.15338133668514287 -0.1819494515174932 0.28160431517024515], [0.19028771092063088 -0.0729957882222249 -0.12733505535125791 0.02462327028252059 0.05422707979293181 -0.03491521430990551; -0.0729957882222249 0.1798797074688177 -0.0007340287043952665 0.11610536978504431 -0.07797716429689922 -0.04912605674852282; -0.12733505535125791 -0.0007340287043952665 0.4076275526613293 -0.15938087115912328 -0.2003231335475082 -0.18102068471778177; 0.02462327028252059 0.11610536978504431 -0.15938087115912328 0.23230841119925574 0.052541199108742304 0.1441782801055618; 0.05422707979293181 -0.07797716429689922 -0.2003231335475082 0.052541199108742304 0.1702558331246221 0.1451992768907926; -0.03491521430990551 -0.04912605674852282 -0.18102068471778177 0.1441782801055618 0.1451992768907926 0.5476229615043319], [0.08330385285985895 0.094949851829696 0.014451501255477034 0.026659656958845687 -0.06996269718481116 0.03209962915175564; 0.094949851829696 0.3784129240064579 0.12967511370805992 0.12349723323464697 -0.14980570318213685 0.21629231313441485; 0.014451501255477034 0.12967511370805992 0.47314550172640224 0.1643671977981909 0.1492954376838801 0.10542530029925239; 0.026659656958845687 0.12349723323464697 0.1643671977981909 0.0841875773469578 0.024497095949247396 0.10282154275853378; -0.06996269718481116 -0.14980570318213685 0.1492954376838801 0.024497095949247396 0.37630944086060397 -0.015042928451009076; 0.03209962915175564 0.21629231313441485 0.10542530029925239 0.10282154275853378 -0.015042928451009076 0.31521470952877234], [0.39367689828500363 0.10932897743427776 -0.17328686418122113 0.10933459373755818 -0.04261096630686034 -0.021135942762171404; 0.10932897743427776 0.40527529504973453 -0.3060111263935454 0.2047289297147794 -0.02637210319665494 0.015785327662592368; -0.17328686418122113 -0.3060111263935454 0.42268884312078353 -0.11662187440684317 0.001924529225569617 0.0014602846180876146; 0.10933459373755818 0.2047289297147794 -0.11662187440684317 0.20838001400349382 -0.0802544740908546 -0.0630488387499024; -0.04261096630686034 -0.02637210319665494 0.001924529225569617 -0.0802544740908546 0.07058302537875141 0.07476539291680752; -0.021135942762171404 0.015785327662592368 0.0014602846180876146 -0.0630488387499024 0.07476539291680752 0.09527692313733706], [0.14829990042053984 0.15730620760315692 0.053508302832564705 -0.0020970219035740365 -0.1540435501559919 -0.06166110085602276; 0.15730620760315692 0.39276011344272493 0.09711213111378629 -0.2097006979892159 -0.1438934999598477 -0.20784844101640845; 0.053508302832564705 0.09711213111378629 0.07653086084820472 0.0022008116959811594 -0.07188603725331341 -0.10614993549006535; -0.0020970219035740365 -0.2097006979892159 0.0022008116959811594 0.5687716069374464 -0.058000420385468494 0.09646873244566827; -0.1540435501559919 -0.1438934999598477 -0.07188603725331341 -0.058000420385468494 0.1922137544959847 0.08311768453896658; -0.06166110085602276 -0.20784844101640845 -0.10614993549006535 0.09646873244566827 0.08311768453896658 0.20122812174014063]], [[0.3366276869685017 -0.1628455615113544 0.09609440810921992 -0.21539933512414966 -0.2112996974677742 -0.028956565913784885; -0.1628455615113544 0.2597732318584712 -0.10254002822251297 0.13608886599076853 0.08490264790867552 -0.033586478324375425; 0.09609440810921992 -0.10254002822251297 0.35570092720727936 0.04056196643793063 -0.04042589002197222 -0.03238518799614366; -0.21539933512414966 0.13608886599076853 0.04056196643793063 0.20281767529141223 0.09953597017205774 0.015326436785248925; -0.2112996974677742 0.08490264790867552 -0.04042589002197222 0.09953597017205774 0.37096093271433156 -0.20384044899869122; -0.028956565913784885 -0.033586478324375425 -0.03238518799614366 0.015326436785248925 -0.20384044899869122 0.26809067685796056], [0.408221565205668 -0.14063491974365785 -0.1087108628890914 0.12654262001147726 -0.24631516294115566 -0.0066452054641602245; -0.14063491974365785 0.33263345665741695 0.08637241493648926 0.013822657648900762 -0.08826924406293206 -0.18527686327275766; -0.1087108628890914 0.08637241493648926 0.18750705738752083 -0.1272668345215453 -0.06994536139594826 -0.10602444778149249; 0.12654262001147726 0.013822657648900762 -0.1272668345215453 0.1469884148332358 -0.07616265071260313 0.03159546174603977; -0.24631516294115566 -0.08826924406293206 -0.06994536139594826 -0.07616265071260313 0.4367147064081717 0.1475254593823935; -0.0066452054641602245 -0.18527686327275766 -0.10602444778149249 0.03159546174603977 0.1475254593823935 0.1930024203905103], [0.4144743434901469 0.012133501112928522 0.2435702411551723 -0.07066373209358369 0.09997304868723282 0.12333322726678904; 0.012133501112928522 0.3867055064240165 0.06511903543698555 -0.11564081874222759 0.18530539045155314 0.019230459025529553; 0.2435702411551723 0.06511903543698555 0.40995646670401714 -0.1302765063002812 0.13253660370754602 0.02002929648024512; -0.07066373209358369 -0.11564081874222759 -0.1302765063002812 0.16071936341897688 -0.11069093154356963 -0.0019070934980265223; 0.09997304868723282 0.18530539045155314 0.13253660370754602 -0.11069093154356963 0.3150189254432521 -0.009440144368346053; 0.12333322726678904 0.019230459025529553 0.02002929648024512 -0.0019070934980265223 -0.009440144368346053 0.08355486322019877], [0.16621125865551428 -0.1522630807580506 0.020256056127327476 0.18378663912232351 0.026992437586954014 -0.038529327755008606; -0.1522630807580506 0.25498656365521394 0.051410262645056805 -0.11314890063871014 -0.18302638978546923 0.08245315535296473; 0.020256056127327476 0.051410262645056805 0.3797119588271498 -0.12379308461686848 -0.18965599548754922 -0.07122352870590079; 0.18378663912232351 -0.11314890063871014 -0.12379308461686848 0.49992512776549985 0.030572203921141055 -0.052727025215666024; 0.026992437586954014 -0.18302638978546923 -0.18965599548754922 0.030572203921141055 0.3709297921255252 -0.05831159236133725; -0.038529327755008606 0.08245315535296473 -0.07122352870590079 -0.052727025215666024 -0.05831159236133725 0.13431617078630617], [0.15656020470548399 0.036471353397900134 0.012087446498310606 0.029720847122404456 -0.13737167400137168 -0.09964667286175403; 0.036471353397900134 0.15690799532983946 0.03503488319734673 -0.010077246724725639 0.03098946444037579 0.09407960178730702; 0.012087446498310606 0.03503488319734673 0.17725065314424976 -0.015654825537604763 -0.028022715473652336 0.2761772045135911; 0.029720847122404456 -0.010077246724725639 -0.015654825537604763 0.08908907529327562 -0.14832754608102455 0.05307580852069874; -0.13737167400137168 0.03098946444037579 -0.028022715473652336 -0.14832754608102455 0.33143472703640586 -0.05963671211396836; -0.09964667286175403 0.09407960178730702 0.2761772045135911 0.05307580852069874 -0.05963671211396836 0.7111306438172829], [0.3058233775233778 0.10476035488003119 0.1522350976393991 0.10140467059082907 -0.04104652302429396 0.13698146868037842; 0.10476035488003119 0.19294331952519778 0.1510436755860703 0.18944761704810273 0.025625041949613018 0.12403813513942724; 0.1522350976393991 0.1510436755860703 0.34101886281367444 0.2401872916679113 -0.10683854676261344 0.11163848517429202; 0.10140467059082907 0.18944761704810273 0.2401872916679113 0.3862349016451841 -0.10890464197198936 0.19020599948740496; -0.04104652302429396 0.025625041949613018 -0.10683854676261344 -0.10890464197198936 0.20065103548637186 0.003862008047480139; 0.13698146868037842 0.12403813513942724 0.11163848517429202 0.19020599948740496 0.003862008047480139 0.1581568868189269]], [[0.7669768850067389 0.08228801918041016 -0.05845996385287469 -0.11571297979335181 -0.009525564069252443 -0.01952163790468664; 0.08228801918041016 0.34077167186587004 -0.007175832279527511 -0.13985478718281683 -0.03005773510575291 -0.07436393574337354; -0.05845996385287469 -0.007175832279527511 0.2582308339515264 0.1257106299794086 -0.041894367797132646 0.05480118428600031; -0.11571297979335181 -0.13985478718281683 0.1257106299794086 0.2404953667050862 -0.0296874376000006 0.09926503704167487; -0.009525564069252443 -0.03005773510575291 -0.041894367797132646 -0.0296874376000006 0.037089451652827884 -0.0014236403545947345; -0.01952163790468664 -0.07436393574337354 0.05480118428600031 0.09926503704167487 -0.0014236403545947345 0.08329755804911805], [0.13831853921869808 -0.010011452329798637 -0.06465243647112115 -0.011015026409377278 -0.07227425424362688 0.03027123561781113; -0.010011452329798637 0.23227440528679427 -0.046383307206023586 -0.1841780870009116 -0.17607496967730274 -0.09970299836564994; -0.06465243647112115 -0.046383307206023586 0.21064317949003347 -0.0011728643726674236 0.02662517275527709 -0.058892928556020664; -0.011015026409377278 -0.1841780870009116 -0.0011728643726674236 0.7352663172456505 0.08443116979444959 0.19641671151259807; -0.07227425424362688 -0.17607496967730274 0.02662517275527709 0.08443116979444959 0.21866771667300047 0.04397985959727182; 0.03027123561781113 -0.09970299836564994 -0.058892928556020664 0.19641671151259807 0.04397985959727182 0.1239229642124314], [0.26489723871856813 -0.16567345432221472 0.0649513232252244 -0.03148136643761449 -0.1634364544246194 0.09497336185183658; -0.16567345432221472 0.3056879913940384 -0.09855181643182717 0.10106177611870237 0.149689089013084 -0.16039893149363624; 0.0649513232252244 -0.09855181643182717 0.31563468463803024 0.07208318599304239 -0.031036208702243204 0.13214970338282578; -0.03148136643761449 0.10106177611870237 0.07208318599304239 0.4232772829315651 -0.09542247144137789 -0.04518031537565116; -0.1634364544246194 0.149689089013084 -0.031036208702243204 -0.09542247144137789 0.34209609468338525 -0.12447290586283123; 0.09497336185183658 -0.16039893149363624 0.13214970338282578 -0.04518031537565116 -0.12447290586283123 0.2591154021869874], [0.23987743227769387 0.16821525179487423 -0.011193160251194937 -0.12183574333191903 -0.07709168694967303 0.0855857987990657; 0.16821525179487423 0.5753774434584517 0.004542121213596586 -0.042574592491593774 -0.06893471829652616 -0.04493010081704436; -0.011193160251194937 0.004542121213596586 0.19528360239695955 -0.08393729946985636 -0.1391161291415587 -0.05517163446301757; -0.12183574333191903 -0.042574592491593774 -0.08393729946985636 0.19353016525856945 0.07150562888940232 -0.13378561988652965; -0.07709168694967303 -0.06893471829652616 -0.1391161291415587 0.07150562888940232 0.3618092544705347 -0.14051906236799097; 0.0855857987990657 -0.04493010081704436 -0.05517163446301757 -0.13378561988652965 -0.14051906236799097 0.3608725643805868], [0.4055133483109275 -0.15626627042892244 -0.029172348475607016 -0.13421108658256511 -0.1068528960027861 0.2179682557714233; -0.15626627042892244 0.15490089002945492 0.0063393304027107664 0.20643283940463752 0.009107900129157027 -0.21412886873481035; -0.029172348475607016 0.0063393304027107664 0.07458444909513975 -0.03512194339062838 0.02629173942114674 -0.018714023802899386; -0.13421108658256511 0.20643283940463752 -0.03512194339062838 0.34905069824289037 0.0071488542145576916 -0.2857383748381306; -0.1068528960027861 0.009107900129157027 0.02629173942114674 0.0071488542145576916 0.19138085972877192 -0.039813234134128773; 0.2179682557714233 -0.21412886873481035 -0.018714023802899386 -0.2857383748381306 -0.039813234134128773 0.30793644282497623], [0.11149083680718969 -0.046018025606078844 -0.03750495011622354 0.07757003660274786 0.1252621904620991 0.10510625290911527; -0.046018025606078844 0.22321057241749356 -0.08838927817897671 -0.08469723359375807 -0.1487618422321444 0.011979648223641256; -0.03750495011622354 -0.08838927817897671 0.3072561783630872 -0.1773827528757501 0.17741169314993044 -0.2750179230244815; 0.07757003660274786 -0.08469723359375807 -0.1773827528757501 0.3028699114781661 0.0017468783046387267 0.18043428229256217; 0.1252621904620991 -0.1487618422321444 0.17741169314993044 0.0017468783046387267 0.3984320849784121 -0.0439392680610447; 0.10510625290911527 0.011979648223641256 -0.2750179230244815 0.18043428229256217 -0.0439392680610447 0.31568091055171965]], [[0.1463177593371413 0.16505866193314814 -0.04772694547793678 -0.013965681367005696 0.09215064853867684 -0.10920046406500962; 0.16505866193314814 0.43897932281793534 -0.2078784880211452 -0.09970261093505907 0.27639293476535864 -0.16320836544228015; -0.04772694547793678 -0.2078784880211452 0.2779285116595155 0.14884315688901203 -0.1322003865347457 0.06477424793441214; -0.013965681367005696 -0.09970261093505907 0.14884315688901203 0.17302715550123757 -0.04686064297796187 0.02968802905725193; 0.09215064853867684 0.27639293476535864 -0.1322003865347457 -0.04686064297796187 0.2585293014495016 -0.0734918780148001; -0.10920046406500962 -0.16320836544228015 0.06477424793441214 0.02968802905725193 -0.0734918780148001 0.3076068035716867], [0.6912639321236975 0.14930203620066462 0.017195861528571006 -0.1345905140791439 -0.24454978884602135 0.18018045694476692; 0.14930203620066462 0.1902146423054928 -0.00553766662997171 -0.017021797616641583 -0.017153770400687832 -0.09228215213652217; 0.017195861528571006 -0.00553766662997171 0.14830340006922102 0.004127501664445246 0.03292418119818225 -0.04643604908921284; -0.1345905140791439 -0.017021797616641583 0.004127501664445246 0.061209011577946754 -0.0013998290770011463 -0.07016226854244637; -0.24454978884602135 -0.017153770400687832 0.03292418119818225 -0.0013998290770011463 0.20579424481629463 -0.08559090647211716; 0.18018045694476692 -0.09228215213652217 -0.04643604908921284 -0.07016226854244637 -0.08559090647211716 0.3204088701561367], [0.2975947166206286 -0.068011675471339 0.1124667347586049 -0.003700681743371131 -0.17026503765390955 -0.14769574260981003; -0.068011675471339 0.18264883127793385 -0.10199459772196684 -0.05231832236578509 0.09915705241311992 0.11309596646007304; 0.1124667347586049 -0.10199459772196684 0.33954168140400987 0.04846951580785421 -0.025850326870281 -0.34737979073703723; -0.003700681743371131 -0.05231832236578509 0.04846951580785421 0.232692499763959 0.007241341926368182 -0.09933692761509481; -0.17026503765390955 0.09915705241311992 -0.025850326870281 0.007241341926368182 0.1742284241345376 0.0743999196196562; -0.14769574260981003 0.11309596646007304 -0.34737979073703723 -0.09933692761509481 0.0743999196196562 0.4385028966536367], [0.2519424761576498 0.014078201596614826 -0.09471687019274684 -0.1429734737828129 0.06270588197945606 -0.09526509402138426; 0.014078201596614826 0.35361369038075985 0.09530705529156469 0.04525007557333637 -0.0330940936457204 0.039245624031092975; -0.09471687019274684 0.09530705529156469 0.2503050000928004 0.11929935649575053 -0.13548556097651404 0.07032131021479623; -0.1429734737828129 0.04525007557333637 0.11929935649575053 0.5743955719566566 -0.1422609636591536 -0.060715833609700176; 0.06270588197945606 -0.0330940936457204 -0.13548556097651404 -0.1422609636591536 0.3381603205605367 -0.14956139672778573; -0.09526509402138426 0.039245624031092975 0.07032131021479623 -0.060715833609700176 -0.14956139672778573 0.1553175435680461], [0.23833837484069179 -0.16642744969982523 0.09498833213027727 0.04659102031316943 -0.03816144975697829 0.04494715540996963; -0.16642744969982523 0.40806807089443375 -0.2618946509988266 0.10312959079379694 0.01221514643780221 -0.042234226699736116; 0.09498833213027727 -0.2618946509988266 0.33940526737635435 0.13487081089484454 -0.02078290352645607 0.03835707941113125; 0.04659102031316943 0.10312959079379694 0.13487081089484454 0.4386673509391104 -0.04880781314946827 -0.057971549448228486; -0.03816144975697829 0.01221514643780221 -0.02078290352645607 -0.04880781314946827 0.0442369085423294 0.09529171060214976; 0.04494715540996963 -0.042234226699736116 0.03835707941113125 -0.057971549448228486 0.09529171060214976 0.387567652661546], [0.37658246334867884 0.11297630658284398 -0.051837992208010754 -0.024967452919936857 0.1660396663372583 0.23562045603431572; 0.11297630658284398 0.4501185812568153 -0.19023845901002293 -0.11734889889655735 -0.08942111995149572 0.06923917006260318; -0.051837992208010754 -0.19023845901002293 0.2519173751350936 0.19204012658707706 0.05812758141140437 -0.055092000884363126; -0.024967452919936857 -0.11734889889655735 0.19204012658707706 0.2679452692764922 0.06517018533455218 0.001720646582412264; 0.1660396663372583 -0.08942111995149572 0.05812758141140437 0.06517018533455218 0.17089106360744785 0.07718366758468666; 0.23562045603431572 0.06923917006260318 -0.055092000884363126 0.001720646582412264 0.07718366758468666 0.2455454075864888]], [[0.24003420548935578 0.013019603894329095 0.06530208551191596 -0.19836805659477572 -0.08942959280853281 -0.15774065397988662; 0.013019603894329095 0.34211709303970494 -0.08424279726416498 0.15998593785812146 -0.23668049087970353 0.1399016252054251; 0.06530208551191596 -0.08424279726416498 0.09730338760806823 -0.10863878991800935 0.1232279110533175 -0.10734059137948378; -0.19836805659477572 0.15998593785812146 -0.10863878991800935 0.26643627657942537 -0.05543095418841805 0.22439199062612378; -0.08942959280853281 -0.23668049087970353 0.1232279110533175 -0.05543095418841805 0.3689167789633136 -0.08802197138982741; -0.15774065397988662 0.1399016252054251 -0.10734059137948378 0.22439199062612378 -0.08802197138982741 0.1988169975498084], [0.3789427976538745 -0.08600516463594904 0.22796036111860185 -0.08271692257313101 -0.28032604042857867 0.02421903769491387; -0.08600516463594904 0.2628723287519352 0.08912449361871654 0.0961458848034744 -0.09555306512666091 -0.06577679951665431; 0.22796036111860185 0.08912449361871654 0.3390264850567805 -0.04342648151233824 -0.26309995373977774 0.0044066624253978745; -0.08271692257313101 0.0961458848034744 -0.04342648151233824 0.17517215719892235 0.011960423868240786 0.0318780458745403; -0.28032604042857867 -0.09555306512666091 -0.26309995373977774 0.011960423868240786 0.33611189448660667 0.047494076311231724; 0.02421903769491387 -0.06577679951665431 0.0044066624253978745 0.0318780458745403 0.047494076311231724 0.16608656976050046], [0.45116835231705743 0.031508197906654545 -0.015084174413441204 0.20002363629117462 0.12745873074899314 -0.11380826267475284; 0.031508197906654545 0.3266601821189897 -0.19579976629465046 0.027824682793828156 0.08984434268740679 -0.2357608898269417; -0.015084174413441204 -0.19579976629465046 0.2045959886467192 -0.012112317851237292 -0.04270431713964274 0.14812678809365964; 0.20002363629117462 0.027824682793828156 -0.012112317851237292 0.21013257641846284 0.08040045423218135 -0.09423683262385138; 0.12745873074899314 0.08984434268740679 -0.04270431713964274 0.08040045423218135 0.2076314910273138 -0.15851739046555902; -0.11380826267475284 -0.2357608898269417 0.14812678809365964 -0.09423683262385138 -0.15851739046555902 0.2923280290483422], [0.17970459883620027 -0.11687974363062514 -0.0776617984256616 -0.05596068131366829 -0.03315788259886355 -0.003657304507318875; -0.11687974363062514 0.4176408321538251 0.01504705834314392 -0.059052241615223364 0.18414725851299887 0.12339144301249438; -0.0776617984256616 0.01504705834314392 0.20984932145465904 -0.052219846763029494 0.14706391888309975 -0.002259359129667594; -0.05596068131366829 -0.059052241615223364 -0.052219846763029494 0.10090596910170067 -0.1861100390662803 -0.034877423171164476; -0.03315788259886355 0.18414725851299887 0.14706391888309975 -0.1861100390662803 0.6551355097887069 0.07077275157584503; -0.003657304507318875 0.12339144301249438 -0.002259359129667594 -0.034877423171164476 0.07077275157584503 0.16076494923441637], [0.41956089814861963 0.040199627751261034 0.07878423314843568 -0.09087787662032869 -0.003325400941429259 -0.1522224744570738; 0.040199627751261034 0.1954735608815773 0.06225482119766392 -0.0905081956819145 0.0380440726085949 0.05717031620959235; 0.07878423314843568 0.06225482119766392 0.24444235217552257 -0.14295574124100655 -0.2414834729252915 0.1298474382226015; -0.09087787662032869 -0.0905081956819145 -0.14295574124100655 0.13112201434153536 0.15109712724722338 -0.07536593754053489; -0.003325400941429259 0.0380440726085949 -0.2414834729252915 0.15109712724722338 0.5058412263807892 -0.045729401364963375; -0.1522224744570738 0.05717031620959235 0.1298474382226015 -0.07536593754053489 -0.045729401364963375 0.29735155456805723], [0.625445599770547 -0.06424490893506554 0.03247194071873621 -0.19229631563111196 -0.23751027666302227 -0.028237661439037772; -0.06424490893506554 0.3428165653316488 -0.08361583246891326 -0.03231802726704114 0.07806947995847797 -0.17788142231925422; 0.03247194071873621 -0.08361583246891326 0.25941460379673875 -0.0534753808455598 -0.06521899334834554 -0.017730376690701474; -0.19229631563111196 -0.03231802726704114 -0.0534753808455598 0.1254459698696179 0.09962467018769644 0.10756179219708724; -0.23751027666302227 0.07806947995847797 -0.06521899334834554 0.09962467018769644 0.143989497953691 0.006298854715435559; -0.028237661439037772 -0.17788142231925422 -0.017730376690701474 0.10756179219708724 0.006298854715435559 0.1983017866336046]], [[0.1628566918474667 0.08288098533804861 -0.01659339270473472 -0.174874109002369 0.07859798400045385 0.034600753207996285; 0.08288098533804861 0.45876850497760424 -0.015080672589212482 -0.22070490597027922 -0.0012931061862639062 -0.07670351644460575; -0.01659339270473472 -0.015080672589212482 0.2639746804530238 0.2041885382260878 0.05303438832783685 0.039803372659411106; -0.174874109002369 -0.22070490597027922 0.2041885382260878 0.548086675805515 0.11486899100600456 0.08042066952054676; 0.07859798400045385 -0.0012931061862639062 0.05303438832783685 0.11486899100600456 0.2151750205350626 0.038582265240168584; 0.034600753207996285 -0.07670351644460575 0.039803372659411106 0.08042066952054676 0.038582265240168584 0.11089769943246866], [0.17860711513380736 0.04032620448853942 0.03201389849621752 0.007193135178360807 -0.03249505249566734 0.053867115518786875; 0.04032620448853942 0.06462319081726399 0.023364200221527198 0.08823248744985185 0.011705509756620722 0.10364070872704553; 0.03201389849621752 0.023364200221527198 0.09884371749663681 0.117763916742562 0.08574625215511009 -0.15787068185352887; 0.007193135178360807 0.08823248744985185 0.117763916742562 0.2364368460257993 0.09971867604741427 -0.06493551264495566; -0.03249505249566734 0.011705509756620722 0.08574625215511009 0.09971867604741427 0.48523638911560374 -0.1620659229983903; 0.053867115518786875 0.10364070872704553 -0.15787068185352887 -0.06493551264495566 -0.1620659229983903 0.661753505252862], [0.38847469368711807 0.06981489710171353 0.08147237726677846 -0.1491143674998317 0.0955737319108421 0.12220631631802574; 0.06981489710171353 0.29220940641475873 0.020013827974503868 0.19591471707679411 0.060902211882649694 0.06709608474764449; 0.08147237726677846 0.020013827974503868 0.11795920021026662 0.004336773284691876 -0.06999743605728563 0.020098440886140007; -0.1491143674998317 0.19591471707679411 0.004336773284691876 0.5113156693731127 -0.22664017785307422 0.1297125902774477; 0.0955737319108421 0.060902211882649694 -0.06999743605728563 -0.22664017785307422 0.3329021255270784 -0.03154453302266624; 0.12220631631802574 0.06709608474764449 0.020098440886140007 0.1297125902774477 -0.03154453302266624 0.13741341605073926], [0.12532862075154852 -0.10329150517139822 -0.04521368782696287 -0.07571354917199002 -0.03307957282707721 -0.050454893242120324; -0.10329150517139822 0.5196589544710081 -0.2593068554151377 -0.043366528709416485 0.18775522286365437 0.17371780983111967; -0.04521368782696287 -0.2593068554151377 0.4146401926090949 -0.0025851977315446014 0.08347611359938738 -0.10469490149021508; -0.07571354917199002 -0.043366528709416485 -0.0025851977315446014 0.2245938824999002 -0.13874347891140174 -0.00913059426752283; -0.03307957282707721 0.18775522286365437 0.08347611359938738 -0.13874347891140174 0.29992052309256906 0.06034450916479163; -0.050454893242120324 0.17371780983111967 -0.10469490149021508 -0.00913059426752283 0.06034450916479163 0.08265572838269288], [0.41314525902138965 0.10215507482318924 -0.11092978852498624 -0.039311846033235225 -0.2564028565038162 0.08678348328822644; 0.10215507482318924 0.2273840076065435 -0.060935896455351836 0.13948765289210155 -0.14517645541066448 0.15756713941519424; -0.11092978852498624 -0.060935896455351836 0.3457695663667358 0.06559820393032481 0.1810714701914163 -0.011215949694259519; -0.039311846033235225 0.13948765289210155 0.06559820393032481 0.20087136859559615 0.03402198519059449 0.07288481078103363; -0.2564028565038162 -0.14517645541066448 0.1810714701914163 0.03402198519059449 0.2780636038711798 -0.12920986962426312; 0.08678348328822644 0.15756713941519424 -0.011215949694259519 0.07288481078103363 -0.12920986962426312 0.29385897219616564], [0.5430474866027516 -0.0027839677317440838 -0.21080710242972409 0.035840845459296694 0.3179449164745836 -0.13994483420998033; -0.0027839677317440838 0.16811456331145233 -0.011799500252989287 -0.007768400404667835 0.016067455710962082 -0.04327273698967115; -0.21080710242972409 -0.011799500252989287 0.20449695948855084 -0.058312530582878476 -0.170620371853282 -0.08114175521744374; 0.035840845459296694 -0.007768400404667835 -0.058312530582878476 0.16368575903410304 0.11883880448294705 0.052900774856539816; 0.3179449164745836 0.016067455710962082 -0.170620371853282