Matrices : Any[[[0.3039716499124992 0.09637282538298474 -0.001020247071823476 0.16924172127210763 0.037490053434503776 -0.03953543905743919 -0.15413754852323003; 0.09637282538298474 0.43257816909832575 -0.00784181401632188 -0.04025677307365975 0.004265916900505229 0.12141287438160892 0.0703509815584664; -0.001020247071823476 -0.00784181401632188 0.11630672661474523 0.07062071146928574 0.03445814815413162 -0.015831432833445444 -0.04876446938422771; 0.16924172127210763 -0.04025677307365975 0.07062071146928574 0.392895028607252 -0.1849012195716412 -0.08162135230060251 -0.1498198950627321; 0.037490053434503776 0.004265916900505229 0.03445814815413162 -0.1849012195716412 0.4315952935612883 0.049267534537454354 -0.06785063569809668; -0.03953543905743919 0.12141287438160892 -0.015831432833445444 -0.08162135230060251 0.049267534537454354 0.07231772696249794 0.05812700074105313; -0.15413754852323003 0.0703509815584664 -0.04876446938422771 -0.1498198950627321 -0.06785063569809668 0.05812700074105313 0.15479669585968422], [0.28180512610327013 -0.10317956644495462 0.1007510570957513 -0.07269336884221989 -0.16664546324925678 0.0007092423503190484 0.02345940812109276; -0.10317956644495462 0.21904526714422015 -0.09408291274194996 0.07874708366023572 0.09200886839602754 0.05001737052773142 0.0469028756953681; 0.1007510570957513 -0.09408291274194996 0.2948752333828431 -0.028087363218099036 0.09240360466567435 -0.03456599109428227 -0.018614380421383307; -0.07269336884221989 0.07874708366023572 -0.028087363218099036 0.08488268701232954 0.14136870820187616 -0.01484539594196206 0.009606739858948294; -0.16664546324925678 0.09200886839602754 0.09240360466567435 0.14136870820187616 0.4152880893483714 -0.06882854677082888 -0.08451552566649827; 0.0007092423503190484 0.05001737052773142 -0.03456599109428227 -0.01484539594196206 -0.06882854677082888 0.07785372930957829 0.08309234473855236; 0.02345940812109276 0.0469028756953681 -0.018614380421383307 0.009606739858948294 -0.08451552566649827 0.08309234473855236 0.5785982354687271], [0.0517751522045724 0.046903208731307086 -0.08572811194920778 -0.08139943058871504 0.034932200040642146 -0.014845963330692807 0.04398299744733836; 0.046903208731307086 0.52550454704454 -0.06544586177043121 -0.191727095005063 0.015968508180031427 0.08472012949369888 -0.008756483686148618; -0.08572811194920778 -0.06544586177043121 0.47850374635025605 0.1362135222036205 -0.2557506736959619 -0.01875197503402475 -0.05767525735996887; -0.08139943058871504 -0.191727095005063 0.1362135222036205 0.32827185020910404 -0.053980444883343914 0.0228462679594649 -0.08945330911803365; 0.034932200040642146 0.015968508180031427 -0.2557506736959619 -0.053980444883343914 0.17523748857666432 0.019242800595912143 0.028543108294070262; -0.014845963330692807 0.08472012949369888 -0.01875197503402475 0.0228462679594649 0.019242800595912143 0.0854032326772282 -0.05104826833562015; 0.04398299744733836 -0.008756483686148618 -0.05767525735996887 -0.08945330911803365 0.028543108294070262 -0.05104826833562015 0.06702188203480297], [0.34147164873229957 0.17074226242087995 0.06260240373209447 -0.07232939496824096 -0.039601180066311484 0.10409083591151763 0.0434358936831364; 0.17074226242087995 0.4785246525820063 0.052602862217060335 -0.01123537982058465 0.02089644990588122 0.12318293869197271 -0.2235657846601853; 0.06260240373209447 0.052602862217060335 0.31933628044621387 0.02157837338297132 0.02762649066710393 0.028300031244958168 -0.007137177840864009; -0.07232939496824096 -0.01123537982058465 0.02157837338297132 0.2810094004527304 0.0455520457289549 -0.039038706058633174 0.15912828040629892; -0.039601180066311484 0.02089644990588122 0.02762649066710393 0.0455520457289549 0.09574007735617802 0.04324610444105468 -0.011714889169343597; 0.10409083591151763 0.12318293869197271 0.028300031244958168 -0.039038706058633174 0.04324610444105468 0.15634534481424556 -0.04608611121581263; 0.0434358936831364 -0.2235657846601853 -0.007137177840864009 0.15912828040629892 -0.011714889169343597 -0.04608611121581263 0.3569810856032426], [0.5955470154477722 -0.08106972924363011 -0.0169411656692228 0.19923603426710557 -0.0324756968283946 0.10779828413066245 0.008775876225359991; -0.08106972924363011 0.11044536711609104 -0.003216058839709989 -0.02064446735190577 0.0787182797928211 0.022867975025451594 0.11356184136108474; -0.0169411656692228 -0.003216058839709989 0.20397083278006042 0.039880996915894355 0.03449967250149584 -0.100821815883553 -0.030122818290041167; 0.19923603426710557 -0.02064446735190577 0.039880996915894355 0.3212630945362861 -0.047476362057628764 0.011695324466195287 0.13991732249551636; -0.0324756968283946 0.0787182797928211 0.03449967250149584 -0.047476362057628764 0.2526692846054356 0.016590304347052328 0.13673070614818272; 0.10779828413066245 0.022867975025451594 -0.100821815883553 0.011695324466195287 0.016590304347052328 0.23594654640388144 0.11659563012871367; 0.008775876225359991 0.11356184136108474 -0.030122818290041167 0.13991732249551636 0.13673070614818272 0.11659563012871367 0.27075755664650125], [0.1932986818200686 0.10955984093746919 0.018689476118976103 -0.12236258325825153 0.12693942924148047 -0.13528279220052072 0.03862349261048751; 0.10955984093746919 0.2849008357400412 0.0535046774864893 -0.021049184791488533 0.05298753845830585 -0.12411459139968524 -0.17724559159290018; 0.018689476118976103 0.0535046774864893 0.0991615864227737 -0.040951412501976946 0.0834098886094115 0.011103711404161304 -0.014974886122966222; -0.12236258325825153 -0.021049184791488533 -0.040951412501976946 0.42664124757965466 -0.13363800024978367 -0.02327590642025044 -0.1355566798087311; 0.12693942924148047 0.05298753845830585 0.0834098886094115 -0.13363800024978367 0.44511293715718775 -0.03420560450853086 0.006839527223647782; -0.13528279220052072 -0.12411459139968524 0.011103711404161304 -0.02327590642025044 -0.03420560450853086 0.16369996850264545 0.08521772124088152; 0.03862349261048751 -0.17724559159290018 -0.014974886122966222 -0.1355566798087311 0.006839527223647782 0.08521772124088152 0.35196856902802287], [0.18261423647440117 0.06329859552312511 -0.058065212783838575 0.004273520531050624 0.004603187821190896 0.02792043338660704 -0.12580734501637306; 0.06329859552312511 0.08467784439639829 -0.013504283298411699 -0.014579399184412836 -0.019553288667270977 -0.0880177669530297 -0.08493458433429385; -0.058065212783838575 -0.013504283298411699 0.5436425385019054 -0.16523414123638722 0.09606386297694901 0.04103068064631405 -0.04236827460559268; 0.004273520531050624 -0.014579399184412836 -0.16523414123638722 0.29554942243841226 -0.14971581417403373 -0.031600562155461934 -0.04594776045311649; 0.004603187821190896 -0.019553288667270977 0.09606386297694901 -0.14971581417403373 0.1375518275719172 -0.01782773312341748 0.09110570470657715; 0.02792043338660704 -0.0880177669530297 0.04103068064631405 -0.031600562155461934 -0.01782773312341748 0.46307825939496705 -0.11375284497510428; -0.12580734501637306 -0.08493458433429385 -0.04236827460559268 -0.04594776045311649 0.09110570470657715 -0.11375284497510428 0.29918859832165007]], [[0.33158406943845875 0.15079798374897074 0.12100789519790638 0.07171032040222493 0.12585707467650104 -0.037390556554177584 0.2574898172125426; 0.15079798374897074 0.3122927387332684 -0.08889090304383322 0.015601261545751408 0.1106794260522823 -0.03231696689945553 -0.03510031854094477; 0.12100789519790638 -0.08889090304383322 0.31455481907608873 -0.04309244755960972 0.03402744719351659 0.10648856287477354 0.16790820312587906; 0.07171032040222493 0.015601261545751408 -0.04309244755960972 0.16369086394819368 -0.03045670818072937 -0.022693575362600953 0.0897462387670964; 0.12585707467650104 0.1106794260522823 0.03402744719351659 -0.03045670818072937 0.24484315344489185 -0.06882872864128767 -0.07613095042205983; -0.037390556554177584 -0.03231696689945553 0.10648856287477354 -0.022693575362600953 -0.06882872864128767 0.10205485125337752 0.00880996426583867; 0.2574898172125426 -0.03510031854094477 0.16790820312587906 0.0897462387670964 -0.07613095042205983 0.00880996426583867 0.41670078709254343], [0.22351333932879286 0.012269246647507092 -0.16319492187557105 0.1700459054648749 -0.05178310911341011 -0.046761822604246 -0.19325768878616556; 0.012269246647507092 0.09994985222578459 0.05200444380348109 0.02349922238986722 -0.019887909613739024 -0.00033583032783967827 0.01111138678640721; -0.16319492187557105 0.05200444380348109 0.2328327919076081 -0.05424948376688932 0.03145719992675157 0.07656342621260526 0.22063816599306543; 0.1700459054648749 0.02349922238986722 -0.05424948376688932 0.24033015056241627 -0.051630918697823935 0.00996292127655393 -0.15711005304540318; -0.05178310911341011 -0.019887909613739024 0.03145719992675157 -0.051630918697823935 0.10586882718787644 0.0610615938430747 0.11225423397448724; -0.046761822604246 -0.00033583032783967827 0.07656342621260526 0.00996292127655393 0.0610615938430747 0.10428666342074085 0.17100105607539445; -0.19325768878616556 0.01111138678640721 0.22063816599306543 -0.15711005304540318 0.11225423397448724 0.17100105607539445 0.582773902046289], [0.14030772404197328 0.08507196217282834 -0.0008820675915120352 -0.02245008254936345 -0.0304704612336115 -0.01415589121130287 0.021236633564767154; 0.08507196217282834 0.7985078836341646 -0.024059145678298255 0.1838018386500062 0.008318002644692497 -0.07183001800334499 0.10356001325906727; -0.0008820675915120352 -0.024059145678298255 0.03720671652199372 -0.035265341413622024 0.012206284039582262 -0.031770467214345025 0.022692183105311004; -0.02245008254936345 0.1838018386500062 -0.035265341413622024 0.30892137848368556 -0.01591266912461566 -0.08474905687645344 -0.06764344166653923; -0.0304704612336115 0.008318002644692497 0.012206284039582262 -0.01591266912461566 0.08534149419033221 0.06793268939029906 0.08030094792571117; -0.01415589121130287 -0.07183001800334499 -0.031770467214345025 -0.08474905687645344 0.06793268939029906 0.1589091493485765 0.08268605523932307; 0.021236633564767154 0.10356001325906727 0.022692183105311004 -0.06764344166653923 0.08030094792571117 0.08268605523932307 0.16857006996325336], [0.08616285824896633 -0.11680300153709636 -0.10245329017581631 0.054207251354462166 -0.07552357724789263 -0.06869134518127257 -0.06491609449891265; -0.11680300153709636 0.21447234784483482 0.17372557189692536 -0.11307715933689742 0.0656541841872254 0.09709662817712306 0.07850835826256826; -0.10245329017581631 0.17372557189692536 0.18497251911313595 -0.13242225310141645 0.119110136209194 0.10858353854455705 0.05401364883025275; 0.054207251354462166 -0.11307715933689742 -0.13242225310141645 0.5090658890687392 -0.2419446376287184 -0.08514219287157816 -0.038954160592660055; -0.07552357724789263 0.0656541841872254 0.119110136209194 -0.2419446376287184 0.23879056713801616 0.0884973751193831 0.0964615953031796; -0.06869134518127257 0.09709662817712306 0.10858353854455705 -0.08514219287157816 0.0884973751193831 0.13046917983421644 0.09960697569926032; -0.06491609449891265 0.07850835826256826 0.05401364883025275 -0.038954160592660055 0.0964615953031796 0.09960697569926032 0.2973541956508304], [0.36261499764539046 -0.09366749805135874 0.16151633853195294 -0.02220606166354584 0.03203099023009891 0.02441383937668758 0.09658545091894338; -0.09366749805135874 0.28138254750366354 -0.11310746246916495 -0.039080776524013726 0.05937586231207738 -0.10021190059354461 -0.1445308831916843; 0.16151633853195294 -0.11310746246916495 0.40195532757043584 -0.18444428279644423 0.1452919290905954 0.061054044550096026 -0.132014640816895; -0.02220606166354584 -0.039080776524013726 -0.18444428279644423 0.2910125236305205 -0.1360464459805769 0.04620907632342755 0.05467117252892352; 0.03203099023009891 0.05937586231207738 0.1452919290905954 -0.1360464459805769 0.20566691151453315 0.038085242472026715 -0.08549851662583993; 0.02441383937668758 -0.10021190059354461 0.061054044550096026 0.04620907632342755 0.038085242472026715 0.08493909094781701 0.019918635957198644; 0.09658545091894338 -0.1445308831916843 -0.132014640816895 0.05467117252892352 -0.08549851662583993 0.019918635957198644 0.2919742142478138], [0.5201444630826417 -0.0008774282679812949 0.05554502308844127 0.1846814132682694 0.049810600775872904 -0.0008863025048894488 -0.037888407324677666; -0.0008774282679812949 0.2342853995423736 -0.050420094877430634 -0.005620487885234521 0.035533056732338884 0.036733098553075764 0.08930745095229775; 0.05554502308844127 -0.050420094877430634 0.21518532201413096 0.020402500964853663 0.014008394098716808 0.09066623471877332 -0.09055310761040906; 0.1846814132682694 -0.005620487885234521 0.020402500964853663 0.1914904531534011 -0.05915995220709858 0.16553060375984585 0.06364228613758659; 0.049810600775872904 0.035533056732338884 0.014008394098716808 -0.05915995220709858 0.25364784136401963 -0.0007762435755577587 -0.16067028409565945; -0.0008863025048894488 0.036733098553075764 0.09066623471877332 0.16553060375984585 -0.0007762435755577587 0.35777874365234713 -0.01701157656439342; -0.037888407324677666 0.08930745095229775 -0.09055310761040906 0.06364228613758659 -0.16067028409565945 -0.01701157656439342 0.36677377078541545], [0.1576061445647982 -0.0392298134963401 0.17091792773635936 0.017240754220548986 -0.02214294083219286 0.023103032001396694 -0.026538021956181133; -0.0392298134963401 0.2904468373763376 -0.02062859901884336 0.029528660927112867 -0.17055204252747275 -0.06642630585504909 -0.10171462186250102; 0.17091792773635936 -0.02062859901884336 0.4233638340583321 -0.10369836856373349 -0.22576853500651028 0.05853158892152215 -0.08182222836973715; 0.017240754220548986 0.029528660927112867 -0.10369836856373349 0.1825898730764581 0.1682500671174566 0.021798943029273626 0.014357155796077707; -0.02214294083219286 -0.17055204252747275 -0.22576853500651028 0.1682500671174566 0.5299953801318417 0.04292122997083185 0.09603099149479477; 0.023103032001396694 -0.06642630585504909 0.05853158892152215 0.021798943029273626 0.04292122997083185 0.09760235037311783 0.03834577520246032; -0.026538021956181133 -0.10171462186250102 -0.08182222836973715 0.014357155796077707 0.09603099149479477 0.03834577520246032 0.07226241781157033]], [[0.4399129002721449 0.18174328707141735 0.04017274198584146 0.020534856897967666 0.06036915017816103 0.102826284697283 0.09105940674902774; 0.18174328707141735 0.1945270333805614 0.012760514548499143 -0.014504777985621959 0.08886648516698192 -0.024441205461168892 0.09106465627132765; 0.04017274198584146 0.012760514548499143 0.024644020117658164 0.027149628851287227 0.015965846237463572 0.015578604942724493 -0.011672461957106813; 0.020534856897967666 -0.014504777985621959 0.027149628851287227 0.23361329862886282 0.045301850594795724 -0.002422876805296686 -0.006423454895093422; 0.06036915017816103 0.08886648516698192 0.015965846237463572 0.045301850594795724 0.3002837072539203 -0.14919375540505697 -0.2508229641395485; 0.102826284697283 -0.024441205461168892 0.015578604942724493 -0.002422876805296686 -0.14919375540505697 0.16242338261566705 0.16519199835115272; 0.09105940674902774 0.09106465627132765 -0.011672461957106813 -0.006423454895093422 -0.2508229641395485 0.16519199835115272 0.46429499877690145], [0.21509378657705858 -0.04230853056589894 -0.015699761292273937 -0.012389180790355711 -0.038817568143258235 -0.020317448492326924 -0.01776210082914759; -0.04230853056589894 0.43001533238395073 -0.1269889925194562 0.14842637252376353 -0.10804688540886322 -0.022022823730137017 -0.10481367310290168; -0.015699761292273937 -0.1269889925194562 0.26593353142147436 -0.1017513463918759 -0.04213920956230893 0.04906582326526919 0.07583747872085975; -0.012389180790355711 0.14842637252376353 -0.1017513463918759 0.1894511530521192 -0.057675504629416785 -0.17613908874199835 -0.05576686610986913; -0.038817568143258235 -0.10804688540886322 -0.04213920956230893 -0.057675504629416785 0.32251332323272597 0.03418398171483867 0.03879866391793879; -0.020317448492326924 -0.022022823730137017 0.04906582326526919 -0.17613908874199835 0.03418398171483867 0.4921785871810885 -0.06267184174416979; -0.01776210082914759 -0.10481367310290168 0.07583747872085975 -0.05576686610986913 0.03879866391793879 -0.06267184174416979 0.2362188698382821], [0.286843578425454 0.07378697318350703 0.06839290832536775 0.1033968556615405 -0.1136983574262538 0.04807152290595244 0.13256624589738436; 0.07378697318350703 0.24149415417241177 0.12968506202922028 0.1013769638110346 -0.043193990569808646 -0.18011045515625432 0.07928421336944538; 0.06839290832536775 0.12968506202922028 0.08472410977790266 0.08195209491591998 -0.028150517629281953 -0.10880996119882796 0.06807797540013029; 0.1033968556615405 0.1013769638110346 0.08195209491591998 0.20222343771840784 -0.04725167769761376 -0.076966996480366 0.013612307472642013; -0.1136983574262538 -0.043193990569808646 -0.028150517629281953 -0.04725167769761376 0.22607228070261767 0.09182663447799021 -0.08721349316294758; 0.04807152290595244 -0.18011045515625432 -0.10880996119882796 -0.076966996480366 0.09182663447799021 0.5268467108773868 -0.2076678653406937; 0.13256624589738436 0.07928421336944538 0.06807797540013029 0.013612307472642013 -0.08721349316294758 -0.2076678653406937 0.23885282296201196], [0.22031399170268728 0.014083157172913932 -0.0884087055044385 0.015094853432646074 0.0362488349191754 -0.14760974161537999 0.11216118781383613; 0.014083157172913932 0.19249045161242556 0.18280093428893346 -0.17675417809450383 0.011761746605368394 -0.07430714410640527 -0.11170883873944823; -0.0884087055044385 0.18280093428893346 0.34161744353205026 -0.24860448220791986 0.011834106752393792 -0.050831314514961985 -0.17231814405556098; 0.015094853432646074 -0.17675417809450383 -0.24860448220791986 0.3332654583981098 -0.07281650331154689 0.14542716590456653 0.01976065946508929; 0.0362488349191754 0.011761746605368394 0.011834106752393792 -0.07281650331154689 0.11670887027722698 -0.023125691105616384 0.07080370189972512; -0.14760974161537999 -0.07430714410640527 -0.050831314514961985 0.14542716590456653 -0.023125691105616384 0.22425239317621912 -0.06159066347202532; 0.11216118781383613 -0.11170883873944823 -0.17231814405556098 0.01976065946508929 0.07080370189972512 -0.06159066347202532 0.329358757647711], [0.31292980708248347 0.06217295897296501 -0.06592130418609546 0.025598707990428297 0.14348375027943747 0.050801117404708836 0.16148903015372396; 0.06217295897296501 0.23790841289642736 0.17144019239879948 0.17936588891339084 0.06814063563427271 -0.07643929487974588 -0.12142809897526405; -0.06592130418609546 0.17144019239879948 0.272582974765269 0.12414076273615282 0.07755989032666559 -0.03580109181093967 -0.09077767097165304; 0.025598707990428297 0.17936588891339084 0.12414076273615282 0.34068268639472693 -0.018108771656652093 -0.0702803915226173 -0.016154607389453214; 0.14348375027943747 0.06814063563427271 0.07755989032666559 -0.018108771656652093 0.35497973980699826 -0.0017289456323572865 0.09341757203782063; 0.050801117404708836 -0.07643929487974588 -0.03580109181093967 -0.0702803915226173 -0.0017289456323572865 0.13592253369353724 0.09930366695568417; 0.16148903015372396 -0.12142809897526405 -0.09077767097165304 -0.016154607389453214 0.09341757203782063 0.09930366695568417 0.3326714766288494], [0.15199850536135034 0.01310535968083869 -0.0626690601991768 -0.1050991157596911 0.010522650516235545 0.08361936787752945 0.0019647718284642093; 0.01310535968083869 0.12869589627128994 0.07061981100713872 0.1343801299500828 0.12686934490445237 -0.032165766728749844 0.019739535693081182; -0.0626690601991768 0.07061981100713872 0.22784649229239268 0.32423355146124483 -0.04932938498468522 -0.04705559387238962 0.06753510419563573; -0.1050991157596911 0.1343801299500828 0.32423355146124483 0.5467521262397723 -0.06345196408842728 -0.14890568294341966 0.004527033604030246; 0.010522650516235545 0.12686934490445237 -0.04932938498468522 -0.06345196408842728 0.35374901001358705 0.05047162973576768 0.0031492241359380533; 0.08361936787752945 -0.032165766728749844 -0.04705559387238962 -0.14890568294341966 0.05047162973576768 0.17921801626983325 0.08370648690045825; 0.0019647718284642093 0.019739535693081182 0.06753510419563573 0.004527033604030246 0.0031492241359380533 0.08370648690045825 0.16233009522472783], [0.6015734881729973 0.09071448305876335 -0.02869272176548305 0.07971581036570187 -0.025449552888395968 0.038848275477433025 0.28436948637789866; 0.09071448305876335 0.055850457822685204 -0.010108802457197268 -0.004738250260268252 -0.013964701835827646 0.04215271205520608 0.0945073308789803; -0.02869272176548305 -0.010108802457197268 0.13427041497494854 0.03567208726692035 0.062118538680164787 -0.14437944710918194 -0.04836871020648064; 0.07971581036570187 -0.004738250260268252 0.03567208726692035 0.07657331918424497 -0.006279052220301421 -0.030927559246202965 0.0182265142447052; -0.025449552888395968 -0.013964701835827646 0.062118538680164787 -0.006279052220301421 0.2618250014283005 -0.11658463674413341 -0.11494174826208646; 0.038848275477433025 0.04215271205520608 -0.14437944710918194 -0.030927559246202965 -0.11658463674413341 0.35379818742955044 0.039850817273114736; 0.28436948637789866 0.0945073308789803 -0.04836871020648064 0.0182265142447052 -0.11494174826208646 0.039850817273114736 0.2870271173418561]], [[0.4247179161744689 0.037835749292383876 -0.037374550372652325 -0.14109467395151618 -0.10826006168831535 0.050752535425556564 0.12580571140285224; 0.037835749292383876 0.13405084049730887 0.0020549927661472306 -0.020109094705874662 -0.03583273870866869 0.11369878078765372 0.1052876110133631; -0.037374550372652325 0.0020549927661472306 0.09088949225662496 0.048851588470061685 -0.015945174749611487 -0.09220855391539438 -0.026892218902880814; -0.14109467395151618 -0.020109094705874662 0.048851588470061685 0.29552524190308277 -0.14070804718368418 -0.0556940886775846 0.04036799839840375; -0.10826006168831535 -0.03583273870866869 -0.015945174749611487 -0.14070804718368418 0.359921626090983 0.06397802066408688 -0.28810791049683787; 0.050752535425556564 0.11369878078765372 -0.09220855391539438 -0.0556940886775846 0.06397802066408688 0.23876956911039085 0.06457533434331303; 0.12580571140285224 0.1052876110133631 -0.026892218902880814 0.04036799839840375 -0.28810791049683787 0.06457533434331303 0.32715961469812593], [0.2542386165252218 0.014743207972150679 0.028905656165333353 0.0670547980210667 -0.018465938691652427 0.02042120329710951 0.10669833957491795; 0.014743207972150679 0.684300645344065 -0.04558488679559541 0.15618931920011747 0.11302891917296716 -0.05239320881811684 -0.06754063934457881; 0.028905656165333353 -0.04558488679559541 0.2257359341425996 -0.05896106470474682 0.03678542831998383 -0.022577887616058438 0.11652494325962408; 0.0670547980210667 0.15618931920011747 -0.05896106470474682 0.12368886877619065 0.054850124295173344 -0.024982385325980353 -0.008996514204880408; -0.018465938691652427 0.11302891917296716 0.03678542831998383 0.054850124295173344 0.20998094235191697 -0.17820221954379786 0.07880736626518302; 0.02042120329710951 -0.05239320881811684 -0.022577887616058438 -0.024982385325980353 -0.17820221954379786 0.25646228431249163 -0.09865437135292372; 0.10669833957491795 -0.06754063934457881 0.11652494325962408 -0.008996514204880408 0.07880736626518302 -0.09865437135292372 0.14771519100498332], [0.34025835784686387 0.03420886755282739 0.05703434476762005 0.035021517356317616 0.18355116755318007 -0.05535478568980912 -0.036547805304505576; 0.03420886755282739 0.06530645631142257 0.05240896789469779 0.01813515105419316 -0.04169424168826819 0.07443909827409043 -0.032973404598966895; 0.05703434476762005 0.05240896789469779 0.3100201053237299 -0.13994955534883424 -0.022582902198099563 0.1122774562790126 0.18388745015537872; 0.035021517356317616 0.01813515105419316 -0.13994955534883424 0.14900224743970036 -0.06663321590805697 -0.07657417474702218 -0.15678239961024673; 0.18355116755318007 -0.04169424168826819 -0.022582902198099563 -0.06663321590805697 0.46659820689483283 -0.05183615701925743 0.062329127944204164; -0.05535478568980912 0.07443909827409043 0.1122774562790126 -0.07657417474702218 -0.05183615701925743 0.41175334928114776 0.05057835623420894; -0.036547805304505576 -0.032973404598966895 0.18388745015537872 -0.15678239961024673 0.062329127944204164 0.05057835623420894 0.20727348350466643], [0.39230126182434544 -0.09221096827887143 0.08404436187783561 -0.1139159787174075 0.07463817087495625 0.1044114197714162 0.045821330583831955; -0.09221096827887143 0.19884138939114568 0.08483477787159155 0.02748811888898952 -0.148105896399407 -0.17518286164639785 -0.059244224463526195; 0.08404436187783561 0.08483477787159155 0.15955118844184377 -0.015275241936566427 -0.03871995324965954 -0.10308208520101289 0.08919955139910082; -0.1139159787174075 0.02748811888898952 -0.015275241936566427 0.2511664943252541 0.07123113906335761 -0.23147371158480023 -0.05514630326096601; 0.07463817087495625 -0.148105896399407 -0.03871995324965954 0.07123113906335761 0.21064939770881014 0.04856318528088598 0.016951056372147374; 0.1044114197714162 -0.17518286164639785 -0.10308208520101289 -0.23147371158480023 0.04856318528088598 0.46006657817615465 0.08432194669801969; 0.045821330583831955 -0.059244224463526195 0.08919955139910082 -0.05514630326096601 0.016951056372147374 0.08432194669801969 0.23674842944979574], [0.19256274458192585 0.08898373296852098 0.010071949507079698 -0.06502878636922559 0.018081401301495905 0.09257530048271335 0.05333954354727845; 0.08898373296852098 0.3775975740703814 -0.13682116090015956 0.094981237218008 0.03412747334937701 -0.060438760170702266 0.17195812660766774; 0.010071949507079698 -0.13682116090015956 0.42372974345218634 -0.007227312509326563 -0.08215283958216599 -0.19546381666296442 -0.09225561144223342; -0.06502878636922559 0.094981237218008 -0.007227312509326563 0.2246779264626229 -0.07294702559724159 -0.040862485388082494 0.12136005076856232; 0.018081401301495905 0.03412747334937701 -0.08215283958216599 -0.07294702559724159 0.18500611799235708 0.08945770668540726 -0.0630851629036895; 0.09257530048271335 -0.060438760170702266 -0.19546381666296442 -0.040862485388082494 0.08945770668540726 0.39145611018749865 0.040618934261523326; 0.05333954354727845 0.17195812660766774 -0.09225561144223342 0.12136005076856232 -0.0630851629036895 0.040618934261523326 0.22993257675127865], [0.12153633434247825 0.08624535763985165 0.06143101159542202 -0.07366647702636299 0.002584403614802841 0.02414605269337313 0.03406410943931149; 0.08624535763985165 0.22905630134807825 0.1386187721980551 -0.0487189711975003 0.05358792431731906 0.06728565482997187 -0.07411898170981118; 0.06143101159542202 0.1386187721980551 0.24471916157939957 -0.017819612121962012 -0.07825096111488687 0.0205804958635125 -0.06507136585617623; -0.07366647702636299 -0.0487189711975003 -0.017819612121962012 0.10033253904915809 -0.004108039326622653 -0.054878390501958425 -0.012427264762768167; 0.002584403614802841 0.05358792431731906 -0.07825096111488687 -0.004108039326622653 0.18066677969918865 0.024507046192213833 -0.1748037127654583; 0.02414605269337313 0.06728565482997187 0.0205804958635125 -0.054878390501958425 0.024507046192213833 0.08997255464902654 0.0846236135724545; 0.03406410943931149 -0.07411898170981118 -0.06507136585617623 -0.012427264762768167 -0.1748037127654583 0.0846236135724545 0.7817498477212903], [0.32492666446844 -0.10443944216904537 0.0712220158336159 -0.16683100259812872 0.06638911160639666 -0.1757979016974743 0.006862966857886964; -0.10443944216904537 0.14527049241445064 -0.04466323646729957 0.1563980490493833 -0.06081959873371887 0.05258308919838741 0.09792154483037478; 0.0712220158336159 -0.04466323646729957 0.1447401495276578 0.02847000543938167 0.08604903144877671 -0.07247596785611309 -0.0009251419225926569; -0.16683100259812872 0.1563980490493833 0.02847000543938167 0.4327355843944097 0.052167846773985095 -0.09401182897420368 0.15506497026886; 0.06638911160639666 -0.06081959873371887 0.08604903144877671 0.052167846773985095 0.2585034757732865 -0.1954078184682468 0.11427136272506205; -0.1757979016974743 0.05258308919838741 -0.07247596785611309 -0.09401182897420368 -0.1954078184682468 0.28489085352438404 -0.08358658864144002; 0.006862966857886964 0.09792154483037478 -0.0009251419225926569 0.15506497026886 0.11427136272506205 -0.08358658864144002 0.24322360712235985]], [[0.06133134938506715 0.127361887629585 -0.06759097197669732 0.06511573811268832 -0.12509103719412065 0.019520366036130287 0.05268849923563968; 0.127361887629585 0.4405375007611209 -0.007059712211019419 0.09298335016777792 -0.21943907672507482 0.06953246843939793 0.12790754477782013; -0.06759097197669732 -0.007059712211019419 0.31561795887060645 -0.08465499584726431 0.08246717200161166 0.07052040168442035 0.06560568342580676; 0.06511573811268832 0.09298335016777792 -0.08465499584726431 0.13979870581667384 -0.15758062976867265 0.04519188048684429 0.059293830017897016; -0.12509103719412065 -0.21943907672507482 0.08246717200161166 -0.15758062976867265 0.4768954462943968 -0.04874911699774148 -0.1487031839934846; 0.019520366036130287 0.06953246843939793 0.07052040168442035 0.04519188048684429 -0.04874911699774148 0.08938939204613831 0.03109660061812595; 0.05268849923563968 0.12790754477782013 0.06560568342580676 0.059293830017897016 -0.1487031839934846 0.03109660061812595 0.21365520928983853], [0.18767223373569877 0.013281213562799744 0.10890955512433446 0.06634738848122178 0.10190081411650834 0.08694332144727883 -0.057603436607555306; 0.013281213562799744 0.2744035321737213 0.03900639792800502 -0.13079538568112767 -0.0370486941154144 0.07513512284575782 0.002761709512828364; 0.10890955512433446 0.03900639792800502 0.4322997951370894 -0.015593515217196485 0.184226862904931 0.20461667402902237 0.15775521614923474; 0.06634738848122178 -0.13079538568112767 -0.015593515217196485 0.20533809187718474 0.07268458959525247 0.019126082535262393 0.014994911184311174; 0.10190081411650834 -0.0370486941154144 0.184226862904931 0.07268458959525247 0.34779557369589686 0.12374449204275177 0.16291953467453832; 0.08694332144727883 0.07513512284575782 0.20461667402902237 0.019126082535262393 0.12374449204275177 0.13449443068520958 0.07061932240963906; -0.057603436607555306 0.002761709512828364 0.15775521614923474 0.014994911184311174 0.16291953467453832 0.07061932240963906 0.2955787644299747], [0.2837633860029874 0.018532215865391957 0.0794558489176115 -0.10625773639017254 -0.18593064149070573 -0.0809250322716586 0.05907002453491097; 0.018532215865391957 0.3442881581282906 -0.06795064761398992 -0.16714151866353516 -0.05877001023135273 0.3038594312646975 0.02255365818931038; 0.0794558489176115 -0.06795064761398992 0.1820990881633174 -0.041025715712535056 -0.04839529049303522 -0.09823346125310133 0.13300174742342194; -0.10625773639017254 -0.16714151866353516 -0.041025715712535056 0.1798663726209185 0.14577637510172675 -0.09711220346905003 -0.09527835734603407; -0.18593064149070573 -0.05877001023135273 -0.04839529049303522 0.14577637510172675 0.19203725715140296 0.010463701821710487 -0.06375187232761592; -0.0809250322716586 0.3038594312646975 -0.09823346125310133 -0.09711220346905003 0.010463701821710487 0.3645788848319975 -0.02518748962600001; 0.05907002453491097 0.02255365818931038 0.13300174742342194 -0.09527835734603407 -0.06375187232761592 -0.02518748962600001 0.1759736160511565], [0.13373598761117578 0.03758120839910195 0.10010873280249385 -0.00044698134895730077 -0.13454160461936138 -0.09185091752010482 -0.107770334796687; 0.03758120839910195 0.12313806901410249 0.006652407999343805 0.11879882053843863 -0.05393787705191249 -0.021141245561623532 0.1606071285980221; 0.10010873280249385 0.006652407999343805 0.20259490069773844 -0.09532315054647204 -0.163477226746963 -0.04461254141712687 -0.174368418235728; -0.00044698134895730077 0.11879882053843863 -0.09532315054647204 0.23997556335349302 -0.0016861552580419497 -0.05002811127855606 0.22633115907768855; -0.13454160461936138 -0.05393787705191249 -0.163477226746963 -0.0016861552580419497 0.2316638919830756 0.10753825503653763 0.11036326968074797; -0.09185091752010482 -0.021141245561623532 -0.04461254141712687 -0.05002811127855606 0.10753825503653763 0.18978195695007707 0.15196797862135816; -0.107770334796687 0.1606071285980221 -0.174368418235728 0.22633115907768855 0.11036326968074797 0.15196797862135816 0.5052631473704118], [0.3294400618595843 0.015349288753590064 0.04245791165699653 0.012780855008322241 0.07288122264846068 0.20162890347844756 0.16850326112716568; 0.015349288753590064 0.3948964988400156 0.02746261816055237 -0.10881885500434556 -7.675496890973785e-5 -0.02092827668737383 0.07651175077087519; 0.04245791165699653 0.02746261816055237 0.24746931068317077 -0.05274801023703484 0.0727091696107413 0.00014120355837724376 0.13534646098894965; 0.012780855008322241 -0.10881885500434556 -0.05274801023703484 0.07299535095245686 0.02190294686155865 0.0160206569498679 -0.03495036111098887; 0.07288122264846068 -7.675496890973785e-5 0.0727091696107413 0.02190294686155865 0.24293021956216618 0.0012017128948226114 0.17115899369819942; 0.20162890347844756 -0.02092827668737383 0.00014120355837724376 0.0160206569498679 0.0012017128948226114 0.3807998181978985 0.1674930960810751; 0.16850326112716568 0.07651175077087519 0.13534646098894965 -0.03495036111098887 0.17115899369819942 0.1674930960810751 0.3203794483617074], [0.22389861620882914 -0.1626287967853961 0.04355626210622612 0.06127387178531902 0.022278826928348636 -0.020044256209501086 0.023322899354506862; -0.1626287967853961 0.42935954830398854 -0.29862168650766463 -0.058639691247551015 -0.07755238367227622 0.2204689726070893 -0.017900216273852416; 0.04355626210622612 -0.29862168650766463 0.3083613118602591 0.04039787756441521 0.017147236253820045 -0.16100617742074977 0.026464530270367975; 0.06127387178531902 -0.058639691247551015 0.04039787756441521 0.05941891788193657 0.030572119061837988 0.06810802849738906 0.014345950126509455; 0.022278826928348636 -0.07755238367227622 0.017147236253820045 0.030572119061837988 0.24318214268444135 0.06978286665641613 -0.08657929723011336; -0.020044256209501086 0.2204689726070893 -0.16100617742074977 0.06810802849738906 0.06978286665641613 0.37895758057055223 -0.029217073322390565; 0.023322899354506862 -0.017900216273852416 0.026464530270367975 0.014345950126509455 -0.08657929723011336 -0.029217073322390565 0.08286758365424904], [0.28831047472737814 -0.14269993150202026 0.08126881087756108 -0.01986671055299798 -0.2031153713351943 -0.018601439956103014 0.004197374894738394; -0.14269993150202026 0.21051667470652574 -0.028854693708270915 0.07132911801019387 0.20452275333645464 -0.011707995284549346 -0.028468504037149966; 0.08126881087756108 -0.028854693708270915 0.41987268064189454 -0.04125600995331646 0.07343754593689686 -0.05934220344677236 0.10826624517139866; -0.01986671055299798 0.07132911801019387 -0.04125600995331646 0.28526239210554766 -0.09035538048279167 -0.004417873878761571 -0.010902357571113233; -0.2031153713351943 0.20452275333645464 0.07343754593689686 -0.09035538048279167 0.5230228959178094 -0.04816967570915495 0.06826844055228855; -0.018601439956103014 -0.011707995284549346 -0.05934220344677236 -0.004417873878761571 -0.04816967570915495 0.10293397839499686 0.005320981655446169; 0.004197374894738394 -0.028468504037149966 0.10826624517139866 -0.010902357571113233 0.06826844055228855 0.005320981655446169 0.14172079917663025]], [[0.18910047965597687 0.03542806179042821 0.18125462831189734 -0.0944990530810518 0.03347969985181646 -0.04442912519876293 -0.022829099992441895; 0.03542806179042821 0.2057978824687108 -0.03620883925036968 -0.09255279788848926 0.09687077098118363 0.07965721186280272 -0.08136339995017579; 0.18125462831189734 -0.03620883925036968 0.3722365536979417 -0.0026559089158662975 0.039695215822517047 -0.08930016512761453 -0.15180098994439387; -0.0944990530810518 -0.09255279788848926 -0.0026559089158662975 0.519199367074028 0.06425836133442459 -0.23159704058024647 -0.024432596023522886; 0.03347969985181646 0.09687077098118363 0.039695215822517047 0.06425836133442459 0.13100716128027484 -0.028514675805115897 -0.06853038889718131; -0.04442912519876293 0.07965721186280272 -0.08930016512761453 -0.23159704058024647 -0.028514675805115897 0.2059654867651071 0.0029558747319662544; -0.022829099992441895 -0.08136339995017579 -0.15180098994439387 -0.024432596023522886 -0.06853038889718131 0.0029558747319662544 0.32163534776144903], [0.16497466002513006 -0.1443728790287236 0.040848349108301665 0.021177590388061343 0.008110769304336707 -0.1691107365785349 -0.010021900901124755; -0.1443728790287236 0.37074371252972016 -0.12920087844992506 0.08619956550561803 -0.10818975145108166 0.16348523082571062 -0.04512246099654027; 0.040848349108301665 -0.12920087844992506 0.19771230893293934 0.036708265666985755 0.030544947644883667 -0.12259011298772503 0.026050924317522314; 0.021177590388061343 0.08619956550561803 0.036708265666985755 0.6557050354714804 0.009012251800534577 -0.08008454009700938 -0.030627531628378068; 0.008110769304336707 -0.10818975145108166 0.030544947644883667 0.009012251800534577 0.05783237978655889 -0.026401043894233357 0.025636921380854643; -0.1691107365785349 0.16348523082571062 -0.12259011298772503 -0.08008454009700938 -0.026401043894233357 0.2631613875963644 0.034893674304698814; -0.010021900901124755 -0.04512246099654027 0.026050924317522314 -0.030627531628378068 0.025636921380854643 0.034893674304698814 0.07124971323076863], [0.46924969711420716 -0.05979425789829824 -0.00020451113462920242 0.12690234688600716 0.019201105925483748 0.2819560225663505 -0.18750495242537313; -0.05979425789829824 0.3873580693159643 0.040992494576697854 0.07867357884864622 0.07244715376288174 0.08048365919316988 0.012484432321013296; -0.00020451113462920242 0.040992494576697854 0.11848356295082041 0.06739991694897361 0.06114338038556527 8.266914081334379e-5 0.025246875803975083; 0.12690234688600716 0.07867357884864622 0.06739991694897361 0.09677078584057773 0.027028378682956582 0.06211581315430866 -0.05974469898972429; 0.019201105925483748 0.07244715376288174 0.06114338038556527 0.027028378682956582 0.18614873962240058 0.13976829461104243 0.04202826716747006; 0.2819560225663505 0.08048365919316988 8.266914081334379e-5 0.06211581315430866 0.13976829461104243 0.38190638530301 -0.0567470984005816; -0.18750495242537313 0.012484432321013296 0.025246875803975083 -0.05974469898972429 0.04202826716747006 -0.0567470984005816 0.1836815896885728], [0.3716900213298012 0.07372980485083064 0.011972219844700094 0.054114222227381305 0.09736967319238156 -0.014702910226124691 -0.21432864108677746; 0.07372980485083064 0.23552530522402393 0.13529579268902478 0.1525269196040767 -0.027554774147679945 0.008522120076713385 -0.12337908029323677; 0.011972219844700094 0.13529579268902478 0.25143855216352956 0.09457037676714697 -0.09390353708262039 0.07424815661951951 -0.19005336837150397; 0.054114222227381305 0.1525269196040767 0.09457037676714697 0.44022189705552167 -0.095769449534985 0.12533594898346587 -0.07143212410955904; 0.09736967319238156 -0.027554774147679945 -0.09390353708262039 -0.095769449534985 0.11938713778231685 -0.044722048092466236 -0.01910295585096084; -0.014702910226124691 0.008522120076713385 0.07424815661951951 0.12533594898346587 -0.044722048092466236 0.12546573804029915 -0.02714748914517529; -0.21432864108677746 -0.12337908029323677 -0.19005336837150397 -0.07143212410955904 -0.01910295585096084 -0.02714748914517529 0.3014505061986289], [0.31996153965168433 -0.08838230956022311 -0.01055204076994113 0.03512327171753885 -0.16903046583005385 0.023585973682182425 -0.01845706977216942; -0.08838230956022311 0.28973071669924555 -0.14802359368612428 0.06692366958014698 0.1278079281164553 0.026935644646526896 0.06210258421971299; -0.01055204076994113 -0.14802359368612428 0.22393086645643756 -0.044142970620935446 0.10608147133123638 -0.013037356606570983 0.016619547679001197; 0.03512327171753