Matrices : Any[[[0.43656988506183353 0.13562871408740795 -0.06789329351990815 -0.10676033188827558 -0.11180567102984783 0.006525910465904113 -0.06291853108336393 0.25421686637268326; 0.13562871408740795 0.22050316173419082 0.0350981525897382 -0.06428390276761577 -0.005314336909858577 -0.040556832947736016 -0.010807728277052868 -0.001988823836003553; -0.06789329351990815 0.0350981525897382 0.23259072316421306 0.08166840140663197 0.09766920715671487 -0.08025681120657213 0.06624914619402454 -0.06390691639169137; -0.10676033188827558 -0.06428390276761577 0.08166840140663197 0.15859997676771093 -0.08946294477231573 0.07935214088089801 0.006361411384599662 -0.041870365199598414; -0.11180567102984783 -0.005314336909858577 0.09766920715671487 -0.08946294477231573 0.30644446020019334 -0.20607333948112458 0.023610284990679412 -0.09398136404856665; 0.006525910465904113 -0.040556832947736016 -0.08025681120657213 0.07935214088089801 -0.20607333948112458 0.18220953180391272 0.0036681517942785753 0.06486857534495238; -0.06291853108336393 -0.010807728277052868 0.06624914619402454 0.006361411384599662 0.023610284990679412 0.0036681517942785753 0.2016334743594664 -0.05777051141087355; 0.25421686637268326 -0.001988823836003553 -0.06390691639169137 -0.041870365199598414 -0.09398136404856665 0.06486857534495238 -0.05777051141087355 0.2347904091300893], [0.06929333351022464 -0.021421254495658817 -0.04017854519275886 0.04129622842236311 0.006307349777355494 0.06622952128826667 0.010505583475944599 -0.026345128407928214; -0.021421254495658817 0.4470452619602882 -0.015886292064601588 -0.08227829213705382 0.1536450160544307 0.1320634828463869 0.136623314115754 0.07850731894887868; -0.04017854519275886 -0.015886292064601588 0.2244767242167636 0.029413785248601935 -0.12722038894418386 -0.10975642592363878 -0.014143579896881876 0.0644564350599711; 0.04129622842236311 -0.08227829213705382 0.029413785248601935 0.3288231051622294 -0.14022445836607697 -0.03359660756104177 0.06323525977527392 -0.1731599337182912; 0.006307349777355494 0.1536450160544307 -0.12722038894418386 -0.14022445836607697 0.16953544159911368 0.11397985399205474 -0.037741937549560775 0.07421940649820855; 0.06622952128826667 0.1320634828463869 -0.10975642592363878 -0.03359660756104177 0.11397985399205474 0.18385631953277884 0.07561900623133475 0.021639374215593032; 0.010505583475944599 0.136623314115754 -0.014143579896881876 0.06323525977527392 -0.037741937549560775 0.07561900623133475 0.33672312411380867 -0.12367210502894711; -0.026345128407928214 0.07850731894887868 0.0644564350599711 -0.1731599337182912 0.07421940649820855 0.021639374215593032 -0.12367210502894711 0.19449175816548855], [0.2005836842530498 0.06220101014844534 -0.06606675784580059 -0.00044261273347167575 0.010060962593323704 -0.048179946105225635 0.06815285678284258 0.03509189738929216; 0.06220101014844534 0.42065692009538574 0.12568766182050717 0.024908588714047115 0.055326481219652716 0.046627634010434856 -0.07387400372303068 -0.2389208540630161; -0.06606675784580059 0.12568766182050717 0.13183089050953 0.09663196887162703 -0.04949361908671806 0.06324324051153048 0.024325579307205202 -0.0830927752777809; -0.00044261273347167575 0.024908588714047115 0.09663196887162703 0.276381931220335 -0.13867792963931294 0.08294486713585786 0.11178576914603577 0.012961069393524425; 0.010060962593323704 0.055326481219652716 -0.04949361908671806 -0.13867792963931294 0.1326874664870889 -0.0316169384868311 -0.0992015775812921 -0.11089835351162627; -0.048179946105225635 0.046627634010434856 0.06324324051153048 0.08294486713585786 -0.0316169384868311 0.183070168360461 0.11506503655410273 -0.06586340855282832; 0.06815285678284258 -0.07387400372303068 0.024325579307205202 0.11178576914603577 -0.0992015775812921 0.11506503655410273 0.35167389612581346 -0.0009331829793372057; 0.03509189738929216 -0.2389208540630161 -0.0830927752777809 0.012961069393524425 -0.11089835351162627 -0.06586340855282832 -0.0009331829793372057 0.32748555135941804], [0.28906195145060576 0.10175065693693876 -0.005660144774038534 0.06177855329630955 0.02647290506129377 -0.1415763208752634 -0.013635149044575022 0.17631095677878883; 0.10175065693693876 0.37203543686102164 0.16494616540855114 0.002304483755710931 -0.010045615546795002 0.025366733724694678 -0.1417405714880312 -0.13557173919053195; -0.005660144774038534 0.16494616540855114 0.14060495386915844 0.06625933292075735 -0.017973688279242426 -0.023171688195212824 -0.055168901601154036 -0.05907379022497755; 0.06177855329630955 0.002304483755710931 0.06625933292075735 0.1749392145893925 0.03452221103014494 -0.12188741787365334 -0.015750351222586573 0.09745695621847951; 0.02647290506129377 -0.010045615546795002 -0.017973688279242426 0.03452221103014494 0.24225463263810523 0.029230918835887933 -0.011125523903656474 0.14791883928235544; -0.1415763208752634 0.025366733724694678 -0.023171688195212824 -0.12188741787365334 0.029230918835887933 0.23479394715183616 -0.024889519369478814 -0.16228314692102264; -0.013635149044575022 -0.1417405714880312 -0.055168901601154036 -0.015750351222586573 -0.011125523903656474 -0.024889519369478814 0.18317810480596775 0.09621604899167586; 0.17631095677878883 -0.13557173919053195 -0.05907379022497755 0.09745695621847951 0.14791883928235544 -0.16228314692102264 0.09621604899167586 0.34885792240814034], [0.1210352571116157 0.024394619188424713 0.026592162851184604 -0.04828029183914577 0.07005000077150458 0.07050939135497623 0.026372619957746327 -0.027697661589248843; 0.024394619188424713 0.34241115918561404 0.29692906973843064 0.05234187570422008 -0.09964398978454084 0.0056690331990517685 0.10934835990194398 0.025774172746755458; 0.026592162851184604 0.29692906973843064 0.32380597256355215 0.13213732798802852 -0.12292960694595213 0.08479959535958202 0.07595569524683847 0.02780666593505699; -0.04828029183914577 0.05234187570422008 0.13213732798802852 0.3188210525416815 -0.08104556262094084 0.11346581016690041 0.08834687647930489 -0.015362516454007592; 0.07005000077150458 -0.09964398978454084 -0.12292960694595213 -0.08104556262094084 0.23593802261514138 0.09944417807090307 -0.026678925536454737 -0.05552394028665099; 0.07050939135497623 0.0056690331990517685 0.08479959535958202 0.11346581016690041 0.09944417807090307 0.2675364455601571 0.048459703828824294 -0.053164565400825176; 0.026372619957746327 0.10934835990194398 0.07595569524683847 0.08834687647930489 -0.026678925536454737 0.048459703828824294 0.20897093700077585 -0.05308587722062537; -0.027697661589248843 0.025774172746755458 0.02780666593505699 -0.015362516454007592 -0.05552394028665099 -0.053164565400825176 -0.05308587722062537 0.2069715333006765], [0.2590083236792056 -0.052199260612875234 -0.17173324038351898 -0.012957874301128285 -0.17086105044283775 0.06209175867827073 0.10019208895697955 0.03718998511035755; -0.052199260612875234 0.14993868381356684 0.12990770604742813 -0.036331126239460235 -0.13388199337801077 0.060616771291172204 0.014166624986633115 0.061682807612246385; -0.17173324038351898 0.12990770604742813 0.4024119472800185 -0.12189234913825456 0.01094052794595174 0.08788743061667252 -0.021131616464383024 0.03665333915142158; -0.012957874301128285 -0.036331126239460235 -0.12189234913825456 0.1797383960696534 0.04429802078382281 -0.042984478900175385 -0.13145367638568414 0.009824972618189895; -0.17086105044283775 -0.13388199337801077 0.01094052794595174 0.04429802078382281 0.33665522367757716 -0.08106550203741061 -0.12902634009230046 -0.06395112869498357; 0.06209175867827073 0.060616771291172204 0.08788743061667252 -0.042984478900175385 -0.08106550203741061 0.1973821048571649 0.008476319067374241 0.17645920713288588; 0.10019208895697955 0.014166624986633115 -0.021131616464383024 -0.13145367638568414 -0.12902634009230046 0.008476319067374241 0.28068545275896367 -0.01505509713675333; 0.03718998511035755 0.061682807612246385 0.03665333915142158 0.009824972618189895 -0.06395112869498357 0.17645920713288588 -0.01505509713675333 0.18695542131028675], [0.35226521949731887 0.058365464094100344 0.26678514752136595 -0.07248841724269334 -0.13312732507840308 -0.03380713852750398 -0.0334404603621722 0.017569748753068208; 0.058365464094100344 0.12999259251370182 0.07046611820529435 0.08141980228406012 -0.09197835849096914 0.020462467871997007 0.059107857293118585 -0.05250207016936731; 0.26678514752136595 0.07046611820529435 0.31283598262915185 -0.0296323335220315 0.01637964598220555 0.05058892573769681 -0.06094232766523626 0.05542162087993208; -0.07248841724269334 0.08141980228406012 -0.0296323335220315 0.27688506459447737 -0.010754966296062277 0.06640854971645539 0.07591072175207818 -0.08144617674425764; -0.13312732507840308 -0.09197835849096914 0.01637964598220555 -0.010754966296062277 0.4409713180780299 0.12165775673671149 -0.20233728731101366 0.009682297611393317; -0.03380713852750398 0.020462467871997007 0.05058892573769681 0.06640854971645539 0.12165775673671149 0.14147290354868933 -0.03713761473265605 -0.04588242390706762; -0.0334404603621722 0.059107857293118585 -0.06094232766523626 0.07591072175207818 -0.20233728731101366 -0.03713761473265605 0.15309240512757755 -0.014153768700553243; 0.017569748753068208 -0.05250207016936731 0.05542162087993208 -0.08144617674425764 0.009682297611393317 -0.04588242390706762 -0.014153768700553243 0.13785418433120486], [0.17892809041316413 0.03357479794087197 -0.04075857117951065 0.10895263023447192 -0.1316060533694724 -0.01715407093943316 0.08573884364040497 0.020973397415796784; 0.03357479794087197 0.21550679388102706 -0.1972017216252188 0.06439611495498143 -0.1626358833552728 -0.004671714683658964 -0.06943189506447692 -0.007594982013710671; -0.04075857117951065 -0.1972017216252188 0.3791019912014307 0.006452246978407673 0.1696544143815443 -0.0810939819015995 0.1469494361827671 0.06035681250724205; 0.10895263023447192 0.06439611495498143 0.006452246978407673 0.30246383835074586 -0.014507381028200445 -0.030744209265309654 0.018005868241443075 0.040163619475806454; -0.1316060533694724 -0.1626358833552728 0.1696544143815443 -0.014507381028200445 0.31766927411033385 0.12988303052878844 -0.00570559087005704 0.05533883234608493; -0.01715407093943316 -0.004671714683658964 -0.0810939819015995 -0.030744209265309654 0.12988303052878844 0.27903779572300336 -0.11534891363278142 0.027990030461732606; 0.08573884364040497 -0.06943189506447692 0.1469494361827671 0.018005868241443075 -0.00570559087005704 -0.11534891363278142 0.2690612007332737 0.028378785193630313; 0.020973397415796784 -0.007594982013710671 0.06035681250724205 0.040163619475806454 0.05533883234608493 0.027990030461732606 0.028378785193630313 0.09533629798857209]], [[0.35552893644627653 0.17643700583798613 -0.026586364666550028 0.07395953906868688 -0.014172314214480071 0.14091275090075825 -0.05714225369415018 -0.08655783131505768; 0.17643700583798613 0.22983526422271253 0.015887964047581027 0.0690235807863773 0.055417236253436794 -0.05509796187610976 0.06326982761920524 0.12993912113932737; -0.026586364666550028 0.015887964047581027 0.27926352204820964 0.10087972628086221 0.07625428284395673 0.007875276039625735 -0.04778659598716277 -0.0065251610115541325; 0.07395953906868688 0.0690235807863773 0.10087972628086221 0.07892818044994193 0.04821844613789712 -0.01297023337859692 -0.027647926714320065 0.001982899659102631; -0.014172314214480071 0.055417236253436794 0.07625428284395673 0.04821844613789712 0.10827395301191502 -0.03886064746182737 -7.976943152807868e-6 0.10260737507312777; 0.14091275090075825 -0.05509796187610976 0.007875276039625735 -0.01297023337859692 -0.03886064746182737 0.43952704284966887 -0.18829995643778885 -0.006440822141594688; -0.05714225369415018 0.06326982761920524 -0.04778659598716277 -0.027647926714320065 -7.976943152807868e-6 -0.18829995643778885 0.13703460601212256 0.06907050635540879; -0.08655783131505768 0.12993912113932737 -0.0065251610115541325 0.001982899659102631 0.10260737507312777 -0.006440822141594688 0.06907050635540879 0.4058438258988643], [0.17980795173990036 -0.050977482524017105 -0.0766781342056249 0.02071269742240389 0.02959212502468738 0.010389754798381277 0.02794910709910788 -0.0724493116520746; -0.050977482524017105 0.35829058761253046 -0.12948171882749798 0.19637709572375256 0.012775892996890005 -0.0870950697101879 -0.0675491539585999 0.16729726279911744; -0.0766781342056249 -0.12948171882749798 0.26425142569204096 -0.1624672548570487 0.04162478696991048 0.055199422044629756 -0.012297369574912016 0.050999524271973885; 0.02071269742240389 0.19637709572375256 -0.1624672548570487 0.3799774433719016 -0.06334353514724271 -0.154614851251523 -0.025556937777160425 0.0033967438542636956; 0.02959212502468738 0.012775892996890005 0.04162478696991048 -0.06334353514724271 0.18369727825418053 0.023554558255390656 0.1083793913021501 0.14751050771771756; 0.010389754798381277 -0.0870950697101879 0.055199422044629756 -0.154614851251523 0.023554558255390656 0.11961879765416542 0.019571343775366356 -0.021213942254762374; 0.02794910709910788 -0.0675491539585999 -0.012297369574912016 -0.025556937777160425 0.1083793913021501 0.019571343775366356 0.12701474129062654 0.05407713282701596; -0.0724493116520746 0.16729726279911744 0.050999524271973885 0.0033967438542636956 0.14751050771771756 -0.021213942254762374 0.05407713282701596 0.37032749558550343], [0.15174788469901987 -0.07185738637207649 -0.012653368365663527 -0.01776732040132741 0.08610099683258005 -0.002122250428764921 -0.07767100031518241 -0.05157120364527845; -0.07185738637207649 0.5159602258871496 -0.08039772522804683 -0.1050628041635979 -0.12452465477897626 -0.0851289016553252 -0.06988659684227547 0.08723775344302591; -0.012653368365663527 -0.08039772522804683 0.12649909511655727 -0.08651124525565562 0.036798635188057253 0.0016235961176621812 0.07400680559121328 0.01786007866195309; -0.01776732040132741 -0.1050628041635979 -0.08651124525565562 0.5196457921620522 -0.1193420208781024 0.02851813238256568 -0.009076244083192157 -0.04744270270149055; 0.08610099683258005 -0.12452465477897626 0.036798635188057253 -0.1193420208781024 0.20339245828410066 0.0027452334418176893 -0.022895331723921386 -0.04324909675598952; -0.002122250428764921 -0.0851289016553252 0.0016235961176621812 0.02851813238256568 0.0027452334418176893 0.09887350072199379 0.02802545623463856 0.020080463075564037; -0.07767100031518241 -0.06988659684227547 0.07400680559121328 -0.009076244083192157 -0.022895331723921386 0.02802545623463856 0.37599381182023456 0.05243529394588732; -0.05157120364527845 0.08723775344302591 0.01786007866195309 -0.04744270270149055 -0.04324909675598952 0.020080463075564037 0.05243529394588732 0.08047791396922245], [0.4371871208495 -0.05985449178932662 0.13867218748237511 -0.017964222044706917 0.05448402487661791 -0.018676273769409644 -0.031775444441380134 0.20414255367930723; -0.05985449178932662 0.18962473172591673 -0.13973969980640105 0.03060723439502407 -0.007909652349688056 0.03666429570615539 0.05099439964813565 0.016682563642743207; 0.13867218748237511 -0.13973969980640105 0.3455300122114484 -0.11048846443216301 0.07672585682642077 -0.09400485759768523 0.13429988491116548 -0.022739161429832587; -0.017964222044706917 0.03060723439502407 -0.11048846443216301 0.11466012595903363 -0.04170038263494804 0.12326773861777496 -0.034511617763736756 -0.021520623932048472; 0.05448402487661791 -0.007909652349688056 0.07672585682642077 -0.04170038263494804 0.11270534099342812 -0.01821302113779361 -0.014886130524365182 0.004319901400926443; -0.018676273769409644 0.03666429570615539 -0.09400485759768523 0.12326773861777496 -0.01821302113779361 0.24525171202456778 0.0709910199773629 -0.07495976010579057; -0.031775444441380134 0.05099439964813565 0.13429988491116548 -0.034511617763736756 -0.014886130524365182 0.0709910199773629 0.2840116101399788 -0.10581367034783634; 0.20414255367930723 0.016682563642743207 -0.022739161429832587 -0.021520623932048472 0.004319901400926443 -0.07495976010579057 -0.10581367034783634 0.35508592835948555], [0.12401006805034548 0.08120862215350841 -0.07509976616641285 -0.08709390564244782 0.05008143444642477 -0.08617166002109214 0.1244658177680043 -0.017252863216319612; 0.08120862215350841 0.2893248489540863 0.10391027192108372 -0.1306061011035441 0.11838674909249765 -0.10376928013012895 -0.03126144856874629 -0.0257000901608596; -0.07509976616641285 0.10391027192108372 0.4730010405968649 -0.05272662767355399 -0.03157473122734637 0.1452161828256901 -0.11963157461023542 0.08323606895304678; -0.08709390564244782 -0.1306061011035441 -0.05272662767355399 0.21964949793926877 -0.05719019991995702 0.09846848512223613 0.020389929468462336 0.01984704980321214; 0.05008143444642477 0.11838674909249765 -0.03157473122734637 -0.05719019991995702 0.15542884033158166 -0.10836348001772014 0.09815127862788392 0.012531254625568866; -0.08617166002109214 -0.10376928013012895 0.1452161828256901 0.09846848512223613 -0.10836348001772014 0.17222284168904536 -0.04683427115509514 0.024701827998205948; 0.1244658177680043 -0.03126144856874629 -0.11963157461023542 0.020389929468462336 0.09815127862788392 -0.04683427115509514 0.41160766931638654 0.09763387064650128; -0.017252863216319612 -0.0257000901608596 0.08323606895304678 0.01984704980321214 0.012531254625568866 0.024701827998205948 0.09763387064650128 0.1362216562611609], [0.29245737108746367 0.04497259095871259 -0.019954670477812554 0.06650466056035181 0.036950347175410334 0.16548603922299723 0.08302508708680953 0.08101877329435565; 0.04497259095871259 0.06191859359488358 -0.051189836864657126 0.021675535480959185 0.09490436427580268 -0.0009174358687863263 0.01155429331001217 0.008739303291769931; -0.019954670477812554 -0.051189836864657126 0.2778871410336258 -0.15026193157905698 -0.06424249972945642 0.0029705525858301184 0.01675424498740338 0.08665049493143312; 0.06650466056035181 0.021675535480959185 -0.15026193157905698 0.1806555117368893 0.04546744534962127 0.05903325971476696 0.08682025706516783 -0.02465316900688681; 0.036950347175410334 0.09490436427580268 -0.06424249972945642 0.04546744534962127 0.5395050877949437 0.09819872181913929 -0.05311628025832296 -0.027105139202950858; 0.16548603922299723 -0.0009174358687863263 0.0029705525858301184 0.05903325971476696 0.09819872181913929 0.4227494206676639 0.1539308262239468 -0.005519596257770758; 0.08302508708680953 0.01155429331001217 0.01675424498740338 0.08682025706516783 -0.05311628025832296 0.1539308262239468 0.1763072167922602 0.033015488718884906; 0.08101877329435565 0.008739303291769931 0.08665049493143312 -0.02465316900688681 -0.027105139202950858 -0.005519596257770758 0.033015488718884906 0.06899194274750697], [0.12577081859684383 -0.03587093500781993 0.00011249566925549484 -0.04955380082272223 -0.15481625023412898 -0.06563371951770969 -0.12991578073601237 -0.0009351605806358272; -0.03587093500781993 0.2988582985681226 0.007173507838427689 0.07611188977985829 -0.09020777907453442 0.009944794694652398 0.013095839440670184 0.07787883033236298; 0.00011249566925549484 0.007173507838427689 0.1779355880727021 -0.07019259660021612 -0.016726735518138205 0.03131139087716432 -0.004489985362195128 -0.056578811105152574; -0.04955380082272223 0.07611188977985829 -0.07019259660021612 0.17686520301717057 -0.019636596998990258 0.023232252643268426 0.08679812600644324 -0.0037607377875125496; -0.15481625023412898 -0.09020777907453442 -0.016726735518138205 -0.019636596998990258 0.38117072003686214 0.050881635056990164 0.21489481502013516 0.07641854467841218; -0.06563371951770969 0.009944794694652398 0.03131139087716432 0.023232252643268426 0.050881635056990164 0.2100242660322667 -0.06165811832116491 -0.10904136833597455; -0.12991578073601237 0.013095839440670184 -0.004489985362195128 0.08679812600644324 0.21489481502013516 -0.06165811832116491 0.4943164518982369 -0.06984600927089675; -0.0009351605806358272 0.07787883033236298 -0.056578811105152574 -0.0037607377875125496 0.07641854467841218 -0.10904136833597455 -0.06984600927089675 0.2713347496107102], [0.39764402404620086 0.18695566670489625 0.14543037920194155 0.11418929493750837 -0.08302015242178701 -0.06727254670356447 -0.08493561477573688 0.12453410613702347; 0.18695566670489625 0.3905192852097023 0.048425512027465256 0.11118342138959138 -0.0934157301644155 -0.12225582895560251 0.04608296645864422 -0.08169221701957981; 0.14543037920194155 0.048425512027465256 0.14314198817491663 0.02052540459566432 -0.10629510557313722 -0.04349635656119142 -0.0007094313725834434 -0.002558444323515737; 0.11418929493750837 0.11118342138959138 0.02052540459566432 0.14429094546110158 -0.07757744173199353 0.0281159079211176 -0.1043782984444587 0.030371349146863794; -0.08302015242178701 -0.0934157301644155 -0.10629510557313722 -0.07757744173199353 0.33190446188225925 0.030497043394792946 0.033266963540727425 -0.018190371016660125; -0.06727254670356447 -0.12225582895560251 -0.04349635656119142 0.0281159079211176 0.030497043394792946 0.15493117503848403 -0.05540216956048112 -0.0161604746974572; -0.08493561477573688 0.04608296645864422 -0.0007094313725834434 -0.1043782984444587 0.033266963540727425 -0.05540216956048112 0.174805065345978 -0.1521527924821315; 0.12453410613702347 -0.08169221701957981 -0.002558444323515737 0.030371349146863794 -0.018190371016660125 -0.0161604746974572 -0.1521527924821315 0.24543299771511343]], [[0.11880689987969452 0.05312778975663504 -0.025192550448362168 0.06511936627076059 0.015583791373325807 -0.06918331070000078 -0.013531018336590556 -0.02387168085880062; 0.05312778975663504 0.2640498998492307 -0.16838782350189266 0.060668786121265375 -0.18253408612477626 -0.05601905502617799 -0.1081799956373669 0.1573659736130395; -0.025192550448362168 -0.16838782350189266 0.2643096914251381 -0.05973372973527812 0.15975880786667218 0.021455058777684492 0.06508358119417136 -0.11737827498451464; 0.06511936627076059 0.060668786121265375 -0.05973372973527812 0.17191866866117606 -0.12814105358724706 0.09188840868081391 0.04961115078447372 -0.1087810166597821; 0.015583791373325807 -0.18253408612477626 0.15975880786667218 -0.12814105358724706 0.30559396467958766 -0.1013311479578334 0.05385277524043408 -0.004607094812419475; -0.06918331070000078 -0.05601905502617799 0.021455058777684492 0.09188840868081391 -0.1013311479578334 0.3334002422939968 0.020916436365215996 -0.14344069319741276; -0.013531018336590556 -0.1081799956373669 0.06508358119417136 0.04961115078447372 0.05385277524043408 0.020916436365215996 0.16920478132184347 -0.12072886437652178; -0.02387168085880062 0.1573659736130395 -0.11737827498451464 -0.1087810166597821 -0.004607094812419475 -0.14344069319741276 -0.12072886437652178 0.2751262713649398], [0.2120450891262456 -0.0700910254077022 0.05042483549301999 -0.08107466907594917 -0.05492996366922124 0.09449912082909921 -0.032526681773560585 -0.1212006263138185; -0.0700910254077022 0.24360750702932907 -0.1369558410544358 -0.048344425168611205 -0.09107916929795166 0.06386129110483799 0.1723134694587787 -0.13161521544042784; 0.05042483549301999 -0.1369558410544358 0.3375500954971059 0.12787328661205047 0.08481184753672434 -0.03676909568868947 -0.09462539687493321 0.040677349721768875; -0.08107466907594917 -0.048344425168611205 0.12787328661205047 0.177764427553575 0.08172950532594989 -0.0774375944689822 -0.05516037498779951 0.1847210769743163; -0.05492996366922124 -0.09107916929795166 0.08481184753672434 0.08172950532594989 0.181600418280899 -0.08562456913475225 -0.07535064741681191 0.15461419314910052; 0.09449912082909921 0.06386129110483799 -0.03676909568868947 -0.0774375944689822 -0.08562456913475225 0.12048536355878661 0.05835448442891008 -0.15783375274144076; -0.032526681773560585 0.1723134694587787 -0.09462539687493321 -0.05516037498779951 -0.07535064741681191 0.05835448442891008 0.12945224700424837 -0.12322183279302906; -0.1212006263138185 -0.13161521544042784 0.040677349721768875 0.1847210769743163 0.15461419314910052 -0.15783375274144076 -0.12322183279302906 0.331609299458135], [0.10916492594978189 0.0005696353514726533 -0.005003065620641359 0.0443145445246336 0.0051299784359389415 -0.0866909603405383 -0.06184525858677255 0.01974911644825708; 0.0005696353514726533 0.08381775232573244 0.05752184927769619 0.08445004256239251 -0.06632607063217827 -0.07150494566800378 -0.12190868146737088 -0.02219998008648112; -0.005003065620641359 0.05752184927769619 0.28893802655332756 0.05429934202862021 0.025703669074857577 -0.09027819165624704 -0.019722917639017477 0.07146078350584052; 0.0443145445246336 0.08445004256239251 0.05429934202862021 0.20754851613389969 0.009054155080815777 -0.146934064650033 -0.0862435133042277 -0.08550184443265922; 0.0051299784359389415 -0.06632607063217827 0.025703669074857577 0.009054155080815777 0.3607170224200394 -0.1499313609724286 0.14142686542179778 -0.03615206824754091; -0.0866909603405383 -0.07150494566800378 -0.09027819165624704 -0.146934064650033 -0.1499313609724286 0.3924410913452675 0.19744338835075642 0.08587829916854164; -0.06184525858677255 -0.12190868146737088 -0.019722917639017477 -0.0862435133042277 0.14142686542179778 0.19744338835075642 0.3708426009657264 0.06882767928399407; 0.01974911644825708 -0.02219998008648112 0.07146078350584052 -0.08550184443265922 -0.03615206824754091 0.08587829916854164 0.06882767928399407 0.19396118215645755], [0.44477068806711484 0.04278003870412698 -0.04300117581090637 -0.2682519017410527 -0.12253097368063678 -0.12925563188890069 0.12131550517811554 -0.11941526580540662; 0.04278003870412698 0.1318110438266982 0.09158661613724975 0.02032994037734849 0.051815122297402594 -0.11391847522742583 0.028847137340184688 -0.05407443497590195; -0.04300117581090637 0.09158661613724975 0.13733498734080063 0.07553862041034573 -0.0010374790744606451 -0.060506630174760934 -0.02553577719957643 -0.07379623531697665; -0.2682519017410527 0.02032994037734849 0.07553862041034573 0.21618817441502666 0.11346771580867863 0.07665775965709709 -0.037057628906228005 0.024798742720832184; -0.12253097368063678 0.051815122297402594 -0.0010374790744606451 0.11346771580867863 0.23997271501281772 -0.03692444025584572 0.01523752434488332 0.06363619500783325; -0.12925563188890069 -0.11391847522742583 -0.060506630174760934 0.07665775965709709 -0.03692444025584572 0.30207496741032197 -0.09192079334906009 0.053778585430175156; 0.12131550517811554 0.028847137340184688 -0.02553577719957643 -0.037057628906228005 0.01523752434488332 -0.09192079334906009 0.2439191601429317 -0.05993467052077979; -0.11941526580540662 -0.05407443497590195 -0.07379623531697665 0.024798742720832184 0.06363619500783325 0.053778585430175156 -0.05993467052077979 0.2611353485382261], [0.18562557459462484 -0.03716026087045273 0.07605255245150211 0.0878987008245866 -0.042380838657865356 0.011941143127488264 0.07089494773045381 -0.019048001990478885; -0.03716026087045273 0.08006781908751946 0.07056669095911336 0.016717144980723627 0.004163579180804452 0.04964020695006257 -0.07264655469182878 -0.02894601416866846; 0.07605255245150211 0.07056669095911336 0.22304602868348128 0.13956160787018887 -0.1657297347172807 0.029348079741171 -0.08545440277795345 -0.07936096468984054; 0.0878987008245866 0.016717144980723627 0.13956160787018887 0.3347762109661464 -0.2937359251131941 0.12442037147942542 0.08587403460142423 -0.05226571430954311; -0.042380838657865356 0.004163579180804452 -0.1657297347172807 -0.2937359251131941 0.40154448802743825 -0.050375388209679704 -0.035628290040226315 0.09612277272867786; 0.011941143127488264 0.04964020695006257 0.029348079741171 0.12442037147942542 -0.050375388209679704 0.13289581768952552 0.04841241583801511 -0.015216742422425033; 0.07089494773045381 -0.07264655469182878 -0.08545440277795345 0.08587403460142423 -0.035628290040226315 0.04841241583801511 0.3941750275060391 0.046533073186313; -0.019048001990478885 -0.02894601416866846 -0.07936096468984054 -0.05226571430954311 0.09612277272867786 -0.015216742422425033 0.046533073186313 0.09361874400529122], [0.14497509754564444 0.11538046339619144 0.06554486450161937 -0.02183747627792134 -0.04753994263402892 0.07331747654675272 0.057536255942202456 0.005513215792678736; 0.11538046339619144 0.2202534247071035 0.07361933944762664 -0.03838461020272227 0.08468800678980631 0.0898500309478174 0.1360654370057464 -0.20541383117228887; 0.06554486450161937 0.07361933944762664 0.36434135012936314 0.1336229240739773 0.0729524970253908 -0.05081578357726708 -0.04066938287616422 -0.020675356492371084; -0.02183747627792134 -0.03838461020272227 0.1336229240739773 0.15147786958013174 0.03295031902730258 -0.06405180004886779 -0.08178560159504104 -0.032392513645820215; -0.04753994263402892 0.08468800678980631 0.0729524970253908 0.03295031902730258 0.2489161847269531 0.030640111166120837 -0.008136684766773702 -0.14518429488078127; 0.07331747654675272 0.0898500309478174 -0.05081578357726708 -0.06405180004886779 0.030640111166120837 0.10817598940999895 0.06498209394362185 0.007035245291159635; 0.057536255942202456 0.1360654370057464 -0.04066938287616422 -0.08178560159504104 -0.008136684766773702 0.06498209394362185 0.2230126645936883 -0.11980278472108075; 0.005513215792678736 -0.20541383117228887 -0.020675356492371084 -0.032392513645820215 -0.14518429488078127 0.007035245291159635 -0.11980278472108075 0.514407653465187], [0.48260992244443773 -0.08892900350789391 0.09648837276384774 0.011145312347508617 0.10687349046692651 -0.056893693985213434 -0.1551635833787543 0.20024412207861084; -0.08892900350789391 0.22456726091925863 -0.05115548854262371 -0.012601778910946037 0.011228272067794106 0.07367769295214346 0.06363728542372593 -0.1763385658208743; 0.09648837276384774 -0.05115548854262371 0.20748268972988843 -0.047940698594055246 -0.021045029405264995 -0.1422784194474789 0.02451463422772256 0.072321992467253; 0.011145312347508617 -0.012601778910946037 -0.047940698594055246 0.21524943217073286 0.013789069252144081 0.007353358885097506 -0.003322161591851287 0.06210640548504174; 0.10687349046692651 0.011228272067794106 -0.021045029405264995 0.013789069252144081 0.18577625242668602 0.07631093007083481 -0.0854794701508915 0.09997604313114657; -0.056893693985213434 0.07367769295214346 -0.1422784194474789 0.007353358885097506 0.07631093007083481 0.20451894360236925 -0.04587063779221846 -0.09538335999363531; -0.1551635833787543 0.06363728542372593 0.02451463422772256 -0.003322161591851287 -0.0854794701508915 -0.04587063779221846 0.19391552257916855 -0.06527557855463749; 0.20024412207861084 -0.1763385658208743 0.072321992467253 0.06210640548504174 0.09997604313114657 -0.09538335999363531 -0.06527557855463749 0.30165975938485684], [0.47766780992836927 0.08180231729705774 -0.014209068484694564 0.06326008207950326 -0.03394624290939777 -0.09938557530655297 0.031846415924673487 -0.01882774334538856; 0.08180231729705774 0.2588405511352744 -0.018557058782034258 -0.026948710714943955 -0.06152324196311373 -0.21067606484873203 0.13992152770716226 -0.12827931423300612; -0.014209068484694564 -0.018557058782034258 0.1349494915857458 0.062165113570924656 0.02096197709723173 0.0048250916016218575 -0.026798491924314306 0.08724515750014035; 0.06326008207950326 -0.026948710714943955 0.062165113570924656 0.2659726166391883 0.11425068475123089 0.15995681671736225 0.04165947594525503 0.012868686924290012; -0.03394624290939777 -0.06152324196311373 0.02096197709723173 0.11425068475123089 0.18100978397589773 0.13877279469920684 -0.01108922558754876 -0.008344694002554214; -0.09938557530655297 -0.21067606484873203 0.0048250916016218575 0.15995681671736225 0.13877279469920684 0.30863374809542266 -0.010666055237272716 0.08319186329575806; 0.031846415924673487 0.13992152770716226 -0.026798491924314306 0.04165947594525503 -0.01108922558754876 -0.010666055237272716 0.20810221402832613 -0.050466435667231316; -0.01882774334538856 -0.12827931423300612 0.08724515750014035 0.012868686924290012 -0.008344694002554214 0.08319186329575806 -0.050466435667231316 0.25092229233937613]], [[0.2890371570327334 0.12061334490023734 -0.08074328962255561 -0.03933086937223609 0.2731863559026178 -0.01149444977856069 0.050123657559751206 0.0983809032594982; 0.12061334490023734 0.17871604814128111 0.03587353427862781 -0.07340842654347507 0.10772190279884464 0.08490397070851292 0.06524872471971081 0.10881724199442165; -0.08074328962255561 0.03587353427862781 0.0863413667772944 -0.05236780832932214 -0.09463146825604911 0.06557147421587968 -0.00529403583015682 -0.028028082419796565; -0.03933086937223609 -0.07340842654347507 -0.05236780832932214 0.12766584696848163 -0.04113264429595567 -0.07172307009116771 0.03283873558399751 0.011931083039909997; 0.2731863559026178 0.10772190279884464 -0.09463146825604911 -0.04113264429595567 0.4037749282136781 0.011477355202398586 0.15972826640302035 0.04985865605790231; -0.01149444977856069 0.08490397070851292 0.06557147421587968 -0.07172307009116771 0.011477355202398586 0.15147588703496084 0.0017201992600823783 -0.08829745076132858; 0.050123657559751206 0.06524872471971081 -0.00529403583015682 0.03283873558399751 0.15972826640302035 0.0017201992600823783 0.31273117170183234 0.13235047806033756; 0.0983809032594982 0.10881724199442165 -0.028028082419796565 0.011931083039909997 0.04985865605790231 -0.08829745076132858 0.13235047806033756 0.34357823895248985], [0.21313366320621982 -0.060928120955664515 0.08075582675476219 0.02890287116913891 0.05209590452918686 -0.003806083039321421 -0.0024498416178176823 -0.013602362349628723; -0.060928120955664515 0.2728021829207828 -0.1414380041733157 -0.057334140996234385 0.029535532331916425 0.11489350996744693 0.029903302207357287 -0.08711693115885577; 0.08075582675476219 -0.1414380041733157 0.4222274465599626 0.06527642002752118 -0.0007330183587394274 -0.05809138225767218 0.07098989300988938 -0.04010602501503376; 0.02890287116913891 -0.057334140996234385 0.06527642002752118 0.28891159739133604 -0.04674946597946076 0.13255227357891305 -0.05534526498984656 0.21207690606230709; 0.05209590452918686 0.029535532331916425 -0.0007330183587394274 -0.04674946597946076 0.21051571683009024 -0.07319938109972425 -0.032080025941855994 0.03872774383365758; -0.003806083039321421 0.11489350996744693 -0.05809138225767218 0.13255227357891305 -0.07319938109972425 0.24686730561644918 0.07206764234929897 0.13879298637188656; -0.0024498416178176823 0.029903302207357287 0.07098989300988938 -0.05534526498984656 -0.032080025941855994 0.07206764234929897 0.15869751364039716 0.0015345388911010048; -0.013602362349628723 -0.08711693115885577 -0.04010602501503376 0.21207690606230709 0.03872774383365758 0.13879298637188656 0.0015345388911010048 0.37341053293474624], [0.3668789406605363 0.11786128916222073 -0.060389017665645105 0.03289133877420577 -0.010523669511919756 0.013733955249984765 0.032086327785399896 0.15256021106149334; 0.11786128916222073 0.33598055568534535 0.11863575103770388 -0.12153063795951714 0.013404388333298926 -0.10342417638105883 0.019051474072375833 -0.009338311674340074; -0.060389017665645105 0.11863575103770388 0.23193214553366878 -0.036393608931668646 0.09981470938005021 -0.036154356674835006 -0.13439683716108894 -0.15505486399566007; 0.03289133877420577 -0.12153063795951714 -0.036393608931668646 0.21562241144371583 -0.05561804613895172 -0.09205467845384407 0.06195233628562061 -0.03168267303719283; -0.010523669511919756 0.013404388333298926 0.09981470938005021 -0.05561804613895172 0.18140326030420686 0.03578456074750798 -0.09115721983936444 -0.019877532867064826; 0.013733955249984765 -0.10342417638105883 -0.036154356674835006 -0.09205467845384407 0.03578456074750798 0.32900288091318436 -0.08142797038953269 0.057246379948657826; 0.032086327785399896 0.019051474072375833 -0.13439683716108894 0.06195233628562061 -0.09115721983936444 -0.08142797038953269 0.3442068060582039 -0.0023765974127193776; 0.15256021106149334 -0.009338311674340074 -0.15505486399566007 -0.03168267303719283 -0.019877532867064826 0.057246379948657826 -0.0023765974127193776 0.2092866049403403], [0.2726932194113876 0.016799060197422704 -0.1494094374182465 0.16998771747088184 -0.07178786012621205 -0.030101473044908424 0.054261872909033844 -0.021213614289635016; 0.016799060197422704 0.25905486781595244 -0.10656207774641532 -0.017885020902239007 0.06166155576421915 -0.06403249047875445 0.09374271488591028 -0.11288271426448589; -0.1494094374182465 -0.10656207774641532 0.5462261803607036 -0.17357791114667828 -0.11229118009938431 0.08764779663738599 0.061530317249036744 -0.008721471487529504; 0.16998771747088184 -0.017885020902239007 -0.17357791114667828 0.25938834905370234 -0.028019523764425187 -0.014692742773062623 0.02532896673005577 -0.013524844875293773; -0.07178786012621205 0.06166155576421915 -0.11229118009938431 -0.028019523764425187 0.20692122329207221 -0.0556413835935473 0.027071174979573218 -0.03509217199565748; -0.030101473044908424 -0.06403249047875445 0.08764779663738599 -0.014692742773062623 -0.0556413835935473 0.21792987800556948 -0.01381078486009004 0.035936035926303095; 0.054261872909033844 0.09374271488591028 0.061530317249036744 0.02532896673005577 0.027071174979573218 -0.01381078486009004 0.21110613094285371 -0.10354383210355518; -0.021213614289635016 -0.11288271426448589 -0.008721471487529504 -0.013524844875293773 -0.03509217199565748 0.035936035926303095 -0.10354383210355518 0.08448670211457945], [0.09188784729452629 0.09384988071889667 -0.06956071149456394 0.026754781591877108 0.03602146892003629 -0.0010388251865186726 0.08907338420261007 0.13717144517124272; 0.09384988071889667 0.3457203948112729 -0.1387345328471009 0.037432092347482036 0.15646392348478075 0.03604293413510937 0.09149469218545152 0.15849496287596387; -0.06956071149456394 -0.1387345328471009 0.17273485145947223 -0.04181050947959649 -0.01019213133508557 0.025473318490147886 -0.13003920232096094 -0.06335642171968625; 0.026754781591877108 0.037432092347482036 -0.04181050947959649 0.20521042982274829 0.14616375702636403 0.017664929284184415 0.14689709659452344 -0.05118561389968023; 0.03602146892003629 0.15646392348478075 -0.01019213133508557 0.14616375702636403 0.45667158156038007 0.08894409269564417 0.07494066047248873 0.024653797357116362; -0.0010388251865186726 0.03604293413510937 0.025473318490147886 0.017664929284184415 0.08894409269564417 0.05757887355515476 0.010652304256826561 0.02872359240369328; 0.08907338420261007 0.09149469218545152 -0.13003920232096094 0.14689709659452344 0.07494066047248873 0.010652304256826561 0.25537645340516746 0.104380273721393; 0.13717144517124272 0.15849496287596387 -0.06335642171968625 -0.05118561389968023 0.024653797357116362 0.02872359240369328 0.104380273721393 0.296317771099909], [0.21116772797882166 -0.01975286776040171 -0.017456736888232672 -0.1463470759455376 0.00892023174100088 -0.01538449557588162 -0.015411737374124367 -0.06332540050216263; -0.01975286776040171 0.12499035236811207 -0.019668533227503105 0.020090710055860345 -0.011779866666196015 -0.218093713446512 -0.1175836612581066 -0.026261712223822023; -0.017456736888232672 -0.019668533227503105 0.08205264134806252 -0.06927343945953196 0.015985625570155253 0.07618092407465768 0.011860282331754084 -0.038383727250677305; -0.1463470759455376 0.020090710055860345 -0.06927343945953196 0.36702463659926465 -0.07387119105243571 0.013682509209483266 0.07065980533545053 0.152511315805863; 0.00892023174100088 -0.011779866666196015 0.015985625570155253 -0.07387119105243571 0.07126100305735182 0.008968716019916147 -0.036344187532059286 -0.03300857229766683; -0.01538449557588162 -0.218093713446512 0.07618092407465768 0.013682509209483266 0.008968716019916147 0.5258758821360703 0.2344542386171686 -0.05208673698551453; -0.015411737374124367 -0.1175836612581066 0.011860282331754084 0.07065980533545053 -0.036344187532059286 0.2344542386171686 0.2243306001967653 -0.0061033831944702745; -0.06332540050216263 -0.026261712223822023 -0.038383727250677305 0.152511315805863 -0.03300857229766683 -0.05208673698551453 -0.0061033831944702745 0.27178874817631116], [0.3709674833582861 0.1119211106495032 -0.05023243807655594 -0.0844413049138491 -0.05539575778712071 0.20586774403257424 -0.0612801