Matrices : Any[[[0.37661709300771484 0.06707064063720274 0.1188815068726229 -0.017387940434275842 -0.1350707203615304 0.08358790226437326 0.04300666169023739 0.04842626179193671 -0.11414547018032095; 0.06707064063720274 0.26827501231153655 0.12204162847958754 -0.008644400873357699 0.0192748040870434 0.05960253237714686 -0.054419417436915994 -0.10821722320365852 -0.13728338796223902; 0.1188815068726229 0.12204162847958754 0.24920569180980748 -0.11589980269725211 -0.07456560393337562 -0.05629743581891872 -0.031267059497312434 0.08201026992925688 -0.1520556435208373; -0.017387940434275842 -0.008644400873357699 -0.11589980269725211 0.1829618174287608 0.07117172561335988 -0.010364138793939364 0.016197216718802955 -0.1308151165630862 0.08680142653871713; -0.1350707203615304 0.0192748040870434 -0.07456560393337562 0.07117172561335988 0.19917327988052008 -0.04163254447795809 0.021569783438023158 -0.07901072745325965 0.010302597818630865; 0.08358790226437326 0.05960253237714686 -0.05629743581891872 -0.010364138793939364 -0.04163254447795809 0.1747575724379821 0.0019131660415228876 0.012469317137881426 0.06039217013938517; 0.04300666169023739 -0.054419417436915994 -0.031267059497312434 0.016197216718802955 0.021569783438023158 0.0019131660415228876 0.0656459325160609 0.0170618143894469 -0.013097893710320057; 0.04842626179193671 -0.10821722320365852 0.08201026992925688 -0.1308151165630862 -0.07901072745325965 0.012469317137881426 0.0170618143894469 0.2681767268239352 0.08840012353101998; -0.11414547018032095 -0.13728338796223902 -0.1520556435208373 0.08680142653871713 0.010302597818630865 0.06039217013938517 -0.013097893710320057 0.08840012353101998 0.33041005964626463], [0.29636641861409 0.10658593139029034 -0.09138199319945794 -0.05073624074890849 0.022228989837631087 0.13509788059676514 0.012522668023947827 0.072248736413097 -0.007358670955477845; 0.10658593139029034 0.1598026751472584 -0.0714043031456217 0.025395545397134133 -0.01235900821875213 0.09585859427753729 -0.061123813500925904 0.05392038512676599 0.058901261736136544; -0.09138199319945794 -0.0714043031456217 0.2746637846619773 -0.04041838528448308 -0.05222883149278011 -0.1406065623118068 -0.00836129669066446 0.014933636852230649 -0.12496944894364818; -0.05073624074890849 0.025395545397134133 -0.04041838528448308 0.0879511546494721 -0.049985943135828804 0.02146738264961282 -0.025451253615275764 0.01641694367672155 0.019056827224457305; 0.022228989837631087 -0.01235900821875213 -0.05222883149278011 -0.049985943135828804 0.5211105488515704 0.00493254142643519 0.09356912325177755 0.13135849985441547 0.14572184129618912; 0.13509788059676514 0.09585859427753729 -0.1406065623118068 0.02146738264961282 0.00493254142643519 0.17436547858197587 -0.010635152601943452 0.03285816482547107 0.1217576209543586; 0.012522668023947827 -0.061123813500925904 -0.00836129669066446 -0.025451253615275764 0.09356912325177755 -0.010635152601943452 0.08700876613341357 0.008827951300333734 -0.03497978373012472; 0.072248736413097 0.05392038512676599 0.014933636852230649 0.01641694367672155 0.13135849985441547 0.03285816482547107 0.008827951300333734 0.1552539938362919 0.07244593295424376; -0.007358670955477845 0.058901261736136544 -0.12496944894364818 0.019056827224457305 0.14572184129618912 0.1217576209543586 -0.03497978373012472 0.07244593295424376 0.31346950827403824], [0.2563415041731455 -0.13179154757829228 -0.10850033035744854 0.0499006942310751 -0.06561465588253292 -0.0042543300911005374 -0.13614330410850847 0.2095879947846001 -0.004978938266897539; -0.13179154757829228 0.20992046937220257 0.04462261931193595 -0.027326886086557433 -0.0034344051660120545 -0.01835369737309414 0.12531950204636325 -0.08418895842291975 0.059370173487843014; -0.10850033035744854 0.04462261931193595 0.3496529207180518 0.0068324059014087885 -0.0647164626164428 -0.06882953664947555 0.13229233276950217 -0.055895652452858935 0.0767208369506728; 0.0499006942310751 -0.027326886086557433 0.0068324059014087885 0.043837333474086464 -0.030875721707326657 -0.051810743196452146 -0.04812441103735903 0.03172442347299485 -0.004597933527953376; -0.06561465588253292 -0.0034344051660120545 -0.0647164626164428 -0.030875721707326657 0.16660752020905398 0.061519695379660955 -0.09727061435887574 -0.03148826421466799 -0.08743797612473747; -0.0042543300911005374 -0.01835369737309414 -0.06882953664947555 -0.051810743196452146 0.061519695379660955 0.1561137737087465 -0.009987449989323724 -0.03167371676169656 0.0032847947214467705; -0.13614330410850847 0.12531950204636325 0.13229233276950217 -0.04812441103735903 -0.09727061435887574 -0.009987449989323724 0.31338968417424934 -0.13712379407000597 0.15714593432057478; 0.2095879947846001 -0.08418895842291975 -0.055895652452858935 0.03172442347299485 -0.03148826421466799 -0.03167371676169656 -0.13712379407000597 0.3447721439863049 -0.03250173066103054; -0.004978938266897539 0.059370173487843014 0.0767208369506728 -0.004597933527953376 -0.08743797612473747 0.0032847947214467705 0.15714593432057478 -0.03250173066103054 0.14528802207783617], [0.18346008123123647 -0.100263163574729 0.12653006715026746 -0.10142232742018847 -0.09544426219513014 -0.0019319050040756858 -0.06671330083293515 0.03669519271640568 -0.06400976809318919; -0.100263163574729 0.3019057642590166 -0.19511263942521898 0.11928785219283314 0.003845498433222132 -0.007532259471099895 0.08288293043519726 0.03730800630457711 0.04124605861320065; 0.12653006715026746 -0.19511263942521898 0.334951840447444 -0.1540565172144539 -0.022629338342682406 0.05812632766108052 0.025004517054904966 0.06399291781289955 0.02384567497043334; -0.10142232742018847 0.11928785219283314 -0.1540565172144539 0.2735067007596539 -0.09233152983195088 -0.11866906328120766 -0.021555160006704297 -0.020114235922104307 0.08615422570763269; -0.09544426219513014 0.003845498433222132 -0.022629338342682406 -0.09233152983195088 0.20748607944562658 0.12862134482167398 0.07390124614227235 0.004367894428939359 0.06482977176007937; -0.0019319050040756858 -0.007532259471099895 0.05812632766108052 -0.11866906328120766 0.12862134482167398 0.30028412374434604 0.05093039234005275 0.01464574933618937 -0.034215907154386126; -0.06671330083293515 0.08288293043519726 0.025004517054904966 -0.021555160006704297 0.07390124614227235 0.05093039234005275 0.2224553294573972 -0.012412964771402087 0.0911785078103377; 0.03669519271640568 0.03730800630457711 0.06399291781289955 -0.020114235922104307 0.004367894428939359 0.01464574933618937 -0.012412964771402087 0.10688183864183813 0.03398880281398431; -0.06400976809318919 0.04124605861320065 0.02384567497043334 0.08615422570763269 0.06482977176007937 -0.034215907154386126 0.0911785078103377 0.03398880281398431 0.22672472118876155], [0.06143630446482782 0.05427317433170107 -0.026892180224998605 -0.060210050085753836 -0.009150986101154982 -0.02939753814420866 0.04118464760939138 0.05241545497412848 0.03077455606859919; 0.05427317433170107 0.22454981948508623 -0.1160740417412012 -0.0721467237683067 0.03120888061351744 -0.0660724130928392 0.07132946205136528 0.06232766677884943 0.029318732365074155; -0.026892180224998605 -0.1160740417412012 0.23410822928736447 -4.288523070458996e-5 0.07036856668755329 -0.03540473258047717 0.04995554727588968 0.13793052616849638 0.0466322283435153; -0.060210050085753836 -0.0721467237683067 -4.288523070458996e-5 0.30436097322402644 -0.16742961026538203 0.04204730406777661 -0.07798731335396937 -0.024000866699724246 -0.05032143947434732; -0.009150986101154982 0.03120888061351744 0.07036856668755329 -0.16742961026538203 0.325273248108803 -0.07257009565466167 0.09578904071735897 0.02215171173009064 0.09444757073993097; -0.02939753814420866 -0.0660724130928392 -0.03540473258047717 0.04204730406777661 -0.07257009565466167 0.13444651028539645 -0.09116015582282622 -0.182419962977173 0.005710760969293524; 0.04118464760939138 0.07132946205136528 0.04995554727588968 -0.07798731335396937 0.09578904071735897 -0.09116015582282622 0.19159816626809828 0.18423354179504478 -0.008147413775509742; 0.05241545497412848 0.06232766677884943 0.13793052616849638 -0.024000866699724246 0.02215171173009064 -0.182419962977173 0.18423354179504478 0.4003823376352549 -0.06393330346158164; 0.03077455606859919 0.029318732365074155 0.0466322283435153 -0.05032143947434732 0.09444757073993097 0.005710760969293524 -0.008147413775509742 -0.06393330346158164 0.19385873644249715], [0.08889178196952413 -0.08613506243709215 -0.025083353020868934 0.008530488496859697 -0.12296567121741311 -0.012250162014055653 0.018398732493615493 0.009191242714599241 0.06173850158300481; -0.08613506243709215 0.5710209793411528 -0.09093320511013875 -0.12138711023036372 0.08039162834751387 0.06134026563149379 0.23962886665133548 0.019021147509483215 -0.0019884083479310417; -0.025083353020868934 -0.09093320511013875 0.23531885055573964 0.05233328158859607 0.09774920639947252 -0.00707573986407926 -0.09134054111195804 0.016809854594454658 -0.09723931424872548; 0.008530488496859697 -0.12138711023036372 0.05233328158859607 0.06884826214488682 -0.027934769787953596 -0.0039060293548860373 -0.09106000094328494 -0.014575502127836548 -0.030489450675890234; -0.12296567121741311 0.08039162834751387 0.09774920639947252 -0.027934769787953596 0.2902849191462786 0.00203290838616326 0.028488258408506297 0.014159966668927507 -0.16420560594976807; -0.012250162014055653 0.06134026563149379 -0.00707573986407926 -0.0039060293548860373 0.00203290838616326 0.0883185166636277 0.08115848477739984 -0.03947138490711481 -0.015554839704756514; 0.018398732493615493 0.23962886665133548 -0.09134054111195804 -0.09106000094328494 0.028488258408506297 0.08115848477739984 0.2946409636666276 -0.02497450749586621 -0.015876315403519393; 0.009191242714599241 0.019021147509483215 0.016809854594454658 -0.014575502127836548 0.014159966668927507 -0.03947138490711481 -0.02497450749586621 0.09113094439644148 -0.0042279775276087995; 0.06173850158300481 -0.0019884083479310417 -0.09723931424872548 -0.030489450675890234 -0.16420560594976807 -0.015554839704756514 -0.015876315403519393 -0.0042279775276087995 0.16005936172202168], [0.381646590832294 -0.08115522495216324 0.024726723595343395 -0.02837392642470585 0.07327563094219487 0.050448690941508056 0.052557352088229176 -0.04656175556491435 0.026069169316807576; -0.08115522495216324 0.15518396516087207 0.013595095713874157 -0.00602917749838257 -0.03902182377376528 0.0010454059536358163 0.017469217395766328 0.060259014339755175 -0.03437445033127365; 0.024726723595343395 0.013595095713874157 0.10078686091170176 0.10170997409509057 -0.043976914638684576 0.04824298838465074 -0.047767386715867104 -0.04405248188483435 0.04560086382834143; -0.02837392642470585 -0.00602917749838257 0.10170997409509057 0.35264056498808083 0.020031609705325283 0.19215414059106908 -0.057111910024344556 -0.07074535535065282 -0.054592145691498915; 0.07327563094219487 -0.03902182377376528 -0.043976914638684576 0.020031609705325283 0.1998511034671586 0.015413991220842688 -0.03514215216410928 -0.002609784864176571 -0.044238026031295986; 0.050448690941508056 0.0010454059536358163 0.04824298838465074 0.19215414059106908 0.015413991220842688 0.5851218863435407 -0.04749984903362638 -0.03713958024591114 -0.03945258600985553; 0.052557352088229176 0.017469217395766328 -0.047767386715867104 -0.057111910024344556 -0.03514215216410928 -0.04749984903362638 0.13876227193492685 0.010066658141753709 -0.09875764111651471; -0.04656175556491435 0.060259014339755175 -0.04405248188483435 -0.07074535535065282 -0.002609784864176571 -0.03713958024591114 0.010066658141753709 0.12988985176844117 -0.008661457761913152; 0.026069169316807576 -0.03437445033127365 0.04560086382834143 -0.054592145691498915 -0.044238026031295986 -0.03945258600985553 -0.09875764111651471 -0.008661457761913152 0.21085911131792007], [0.37469242705010797 -0.026316299816770413 0.040315813739905226 -0.014343917933324402 0.05199191290134695 -0.06147756988400856 0.20327040146476807 -0.08101308057511668 -0.08375578575397455; -0.026316299816770413 0.22318134164312217 -0.0025203715342421175 0.001257784246317845 0.03268921314627793 -0.1256128752959554 0.027973923639104066 0.10824458274464174 0.09597085313080898; 0.040315813739905226 -0.0025203715342421175 0.12146406138755197 0.023425744789495426 0.0588284511719876 -0.10322271926973016 0.05275716583258976 -0.02159885396814509 -0.07524391657864524; -0.014343917933324402 0.001257784246317845 0.023425744789495426 0.2227295337845362 -0.014191884590627426 0.06727329869204804 -0.11231709622964481 -0.14206366209368734 -0.07506470976431473; 0.05199191290134695 0.03268921314627793 0.0588284511719876 -0.014191884590627426 0.17091722774642926 -0.0972235865702719 0.04921865749994846 0.03674650676696838 -0.06954571937761282; -0.06147756988400856 -0.1256128752959554 -0.10322271926973016 0.06727329869204804 -0.0972235865702719 0.24865314684513157 -0.06548269196885835 -0.057037097918427634 -0.01323247357628236; 0.20327040146476807 0.027973923639104066 0.05275716583258976 -0.11231709622964481 0.04921865749994846 -0.06548269196885835 0.3127203375078937 0.032040600075792194 -0.02551499002739348; -0.08101308057511668 0.10824458274464174 -0.02159885396814509 -0.14206366209368734 0.03674650676696838 -0.057037097918427634 0.032040600075792194 0.34360930881520263 0.06998276684380825; -0.08375578575397455 0.09597085313080898 -0.07524391657864524 -0.07506470976431473 -0.06954571937761282 -0.01323247357628236 -0.02551499002739348 0.06998276684380825 0.18819694136677012], [0.48526908915808503 0.0062216121228298215 -0.1661140282790945 -0.029148589558996692 -0.26079533546727623 0.07121124827380002 -0.06392272244407693 -0.07771785999308417 -0.11109151081729214; 0.0062216121228298215 0.24967405631938389 -0.11571336075731366 0.08699136776564195 0.02245924185470463 -0.02154456806048589 -0.05724574052665973 0.005191889161891279 0.05760319024945232; -0.1661140282790945 -0.11571336075731366 0.3507435698324471 -0.059782407152448265 0.15454882121567035 0.00873981724780199 -0.022567051984738195 -0.049199464086699785 0.04831201392416469; -0.029148589558996692 0.08699136776564195 -0.059782407152448265 0.05186556239459946 0.01543353146080029 -0.012427174009983161 -0.021185225981763027 0.015841796595061235 -0.021618446887139105; -0.26079533546727623 0.02245924185470463 0.15454882121567035 0.01543353146080029 0.20327892235748324 -0.05859541496033422 0.046506103281037985 0.038754615100580404 0.09938563405959118; 0.07121124827380002 -0.02154456806048589 0.00873981724780199 -0.012427174009983161 -0.05859541496033422 0.15426707480250337 -0.021079698116391266 -0.011114769046187111 -0.004084279890139494; -0.06392272244407693 -0.05724574052665973 -0.022567051984738195 -0.021185225981763027 0.046506103281037985 -0.021079698116391266 0.1463530001434475 0.06800504021764615 0.0791478793171515; -0.07771785999308417 0.005191889161891279 -0.049199464086699785 0.015841796595061235 0.038754615100580404 -0.011114769046187111 0.06800504021764615 0.07929363978203269 0.03352442876376555; -0.11109151081729214 0.05760319024945232 0.04831201392416469 -0.021618446887139105 0.09938563405959118 -0.004084279890139494 0.0791478793171515 0.03352442876376555 0.2249615693492603]], [[0.13121509406684345 -0.02347990154048338 0.01074103606060906 -0.021241292088180114 -0.11409883613387574 -0.005085452862211795 -0.021299751265242223 -0.03553587106981546 0.002382529504017494; -0.02347990154048338 0.3253696944290025 -0.007510340292484756 0.09145632543391526 0.08265812621937159 0.16319815795786838 0.07436171637473579 0.055992462293378786 -0.15405714856800648; 0.01074103606060906 -0.007510340292484756 0.2421364584791053 -0.05671705306680876 0.02521255833771029 -0.06444816891294404 0.005570200235538597 -0.1499573874474209 0.006851840284428577; -0.021241292088180114 0.09145632543391526 -0.05671705306680876 0.23481010282505496 -0.005233262877029106 0.02985216544332772 0.11387028950230793 0.09653043077050741 -0.12217807601589278; -0.11409883613387574 0.08265812621937159 0.02521255833771029 -0.005233262877029106 0.3837355579771031 0.12199233824021569 0.04834504361585097 -0.06140520957312417 -0.08866240176323141; -0.005085452862211795 0.16319815795786838 -0.06444816891294404 0.02985216544332772 0.12199233824021569 0.17492462382110394 0.002346411949767895 -0.04054012863950512 -0.09757807821188252; -0.021299751265242223 0.07436171637473579 0.005570200235538597 0.11387028950230793 0.04834504361585097 0.002346411949767895 0.11559344787823479 0.08153156182685804 -0.07085075852305592; -0.03553587106981546 0.055992462293378786 -0.1499573874474209 0.09653043077050741 -0.06140520957312417 -0.04054012863950512 0.08153156182685804 0.35835204299169066 -0.004801738697552418; 0.002382529504017494 -0.15405714856800648 0.006851840284428577 -0.12217807601589278 -0.08866240176323141 -0.09757807821188252 -0.07085075852305592 -0.004801738697552418 0.14951725403293634], [0.08463081544878735 0.056385436938590355 0.02555406180445201 -0.02775166686985044 -0.04528618142953029 -0.02899878075229578 0.030660505358203874 0.016539014149689907 0.016864398445354315; 0.056385436938590355 0.3167141585210358 -0.08792187339943633 -0.04737775907128867 -0.09360139903215639 -0.09788773147353111 0.11688204628797874 0.0896590059595244 -0.08119392412306495; 0.02555406180445201 -0.08792187339943633 0.20735049449542237 0.12367061515230798 0.045080846534799705 -0.05170425170256555 0.03379777804874694 -0.08533687593387858 0.09023148249103603; -0.02775166686985044 -0.04737775907128867 0.12367061515230798 0.13075933782563065 0.024434394445927064 -0.11509584339931794 0.05868822500745906 -0.10484120051930527 0.053891249619193164; -0.04528618142953029 -0.09360139903215639 0.045080846534799705 0.024434394445927064 0.1064526351675141 0.09562767953563721 -0.0025198088830758842 -0.03126428248746334 0.03669961060544071; -0.02899878075229578 -0.09788773147353111 -0.05170425170256555 -0.11509584339931794 0.09562767953563721 0.4746960347574561 -0.12813504944811208 0.13264278629170212 -0.019338364222897933; 0.030660505358203874 0.11688204628797874 0.03379777804874694 0.05868822500745906 -0.0025198088830758842 -0.12813504944811208 0.1979774564529413 -0.08641606990492776 0.03660590853951973; 0.016539014149689907 0.0896590059595244 -0.08533687593387858 -0.10484120051930527 -0.03126428248746334 0.13264278629170212 -0.08641606990492776 0.33676878568933877 -0.16305289314026095; 0.016864398445354315 -0.08119392412306495 0.09023148249103603 0.053891249619193164 0.03669961060544071 -0.019338364222897933 0.03660590853951973 -0.16305289314026095 0.11807316718862455], [0.5048316066133616 0.03713574503385892 -0.05320179099062624 0.17246850992911025 0.20174792611181697 -0.13242799705377276 0.055883649669619354 0.08203183245028285 -0.11766181320184116; 0.03713574503385892 0.09331008050442317 0.05495359929597236 0.06491944205169126 0.07850177616354592 0.001116292168455003 0.014182441367150063 -0.04109971838762415 -0.044932241111047794; -0.05320179099062624 0.05495359929597236 0.17330860886016686 0.02043363106023249 0.024694437335103007 0.03724620204823574 -0.10932963684351645 -0.023226427864993786 -0.05913603806766458; 0.17246850992911025 0.06491944205169126 0.02043363106023249 0.19461190197411793 0.047280780196449476 -0.018483337850710806 0.11790339636687706 0.029476520740630945 -0.13193246885471108; 0.20174792611181697 0.07850177616354592 0.024694437335103007 0.047280780196449476 0.25018845064411555 -0.0600952060654483 -0.03316926254093168 -0.018891999786869885 -0.02776474684027544; -0.13242799705377276 0.001116292168455003 0.03724620204823574 -0.018483337850710806 -0.0600952060654483 0.14038193949505876 -0.0127426757543751 0.07271713885191859 -0.01568475001011421; 0.055883649669619354 0.014182441367150063 -0.10932963684351645 0.11790339636687706 -0.03316926254093168 -0.0127426757543751 0.2748725168715993 0.033200654424567044 -0.10527094379868915; 0.08203183245028285 -0.04109971838762415 -0.023226427864993786 0.029476520740630945 -0.018891999786869885 0.07271713885191859 0.033200654424567044 0.1890207117242498 -0.06278633738214505; -0.11766181320184116 -0.044932241111047794 -0.05913603806766458 -0.13193246885471108 -0.02776474684027544 -0.01568475001011421 -0.10527094379868915 -0.06278633738214505 0.21658287842982588], [0.23099480550125961 0.10466223381408682 0.1710894222340051 0.034680669975400084 -0.030353489989357614 0.057754551418207976 -0.006911982282230217 -0.02011704112831814 0.10651771742545027; 0.10466223381408682 0.17594421069772337 0.01708769212996172 0.12766571301915772 0.03972275219138926 0.06152311582653875 -0.0009236475121889845 0.009671201483265708 -0.04101468126161915; 0.1710894222340051 0.01708769212996172 0.5255988066066551 0.12664507965720795 0.06739348275427787 0.03588815737595413 0.18633144179359148 0.049724025269526476 0.18125467264148515; 0.034680669975400084 0.12766571301915772 0.12664507965720795 0.21444567185316774 0.13774137899154293 0.07346323591772691 0.09289069263539475 0.04751276614411999 -0.05844977074604543; -0.030353489989357614 0.03972275219138926 0.06739348275427787 0.13774137899154293 0.15649797453723266 0.026233529595353848 0.0963056498861354 0.04472438886553425 -0.0641518430445207; 0.057754551418207976 0.06152311582653875 0.03588815737595413 0.07346323591772691 0.026233529595353848 0.11297630918804612 -0.02573359236590151 0.043777973827303945 -0.05956448539913199; -0.006911982282230217 -0.0009236475121889845 0.18633144179359148 0.09289069263539475 0.0963056498861354 -0.02573359236590151 0.14230714497407876 0.022215392528892285 0.039869367684367586; -0.02011704112831814 0.009671201483265708 0.049724025269526476 0.04751276614411999 0.04472438886553425 0.043777973827303945 0.022215392528892285 0.05098098573771951 -0.037805246756014814; 0.10651771742545027 -0.04101468126161915 0.18125467264148515 -0.05844977074604543 -0.0641518430445207 -0.05956448539913199 0.039869367684367586 -0.037805246756014814 0.24145981806526295], [0.2880986149712053 0.04533201279888615 0.08142165049128446 0.17537837762659306 0.016691913122514793 0.017054434753073233 0.01589124453357289 -0.08616287260462147 0.14158582961797386; 0.04533201279888615 0.10066933806695319 -0.022114961394921653 0.05056831041342823 0.024552785467424974 -0.05790832345657501 0.022385805032258514 -0.0384670107816305 0.05798574587533049; 0.08142165049128446 -0.022114961394921653 0.3263222385055306 -0.022503949356320996 0.012523328540755295 0.08311472394015729 -0.07227785524967098 0.10555562364673898 -0.06628339079975912; 0.17537837762659306 0.05056831041342823 -0.022503949356320996 0.40600706771258727 0.018002840513840143 -0.04429147904602636 0.056095973693088094 -0.021849348314771325 -0.13013086187538347; 0.016691913122514793 0.024552785467424974 0.012523328540755295 0.018002840513840143 0.2356541939448837 -0.007189940871368434 -0.017163687743140307 -0.0268000729002227 -0.08973897571086789; 0.017054434753073233 -0.05790832345657501 0.08311472394015729 -0.04429147904602636 -0.007189940871368434 0.1734453253182949 8.274983471560949e-5 0.04555477816289283 0.018140333208952763; 0.01589124453357289 0.022385805032258514 -0.07227785524967098 0.056095973693088094 -0.017163687743140307 8.274983471560949e-5 0.1918149594310147 -0.007733315484814727 -0.017684278368844245; -0.08616287260462147 -0.0384670107816305 0.10555562364673898 -0.021849348314771325 -0.0268000729002227 0.04555477816289283 -0.007733315484814727 0.18503423884929238 -0.13016944587457074; 0.14158582961797386 0.05798574587533049 -0.06628339079975912 -0.13013086187538347 -0.08973897571086789 0.018140333208952763 -0.017684278368844245 -0.13016944587457074 0.3983749883041717], [0.0853489551792322 -0.10572197147335805 -0.0072973294301910355 -0.02561003064826953 0.015857965298430532 0.10463326817100595 0.004372138031521594 0.003846494306538412 -0.07988166217442925; -0.10572197147335805 0.32562449132417204 -0.0349426648532427 0.09413369439784394 0.06407861726224666 -0.255830113281548 0.04872186549064282 -0.07602669887341147 0.07431603389779481; -0.0072973294301910355 -0.0349426648532427 0.15720481604699843 -0.07157690242066464 0.0820312597122387 0.058621040159674606 -0.056602222234964104 0.015505014241682852 -0.049281380508771316; -0.02561003064826953 0.09413369439784394 -0.07157690242066464 0.1334686137776783 0.004953964645110924 -0.125714001679223 0.04640785960780868 0.037152792089537943 0.012957909235831037; 0.015857965298430532 0.06407861726224666 0.0820312597122387 0.004953964645110924 0.24514656753206884 -0.0343290402308885 -0.008400577658721237 -0.05729160305881226 -0.06022501148053302; 0.10463326817100595 -0.255830113281548 0.058621040159674606 -0.125714001679223 -0.0343290402308885 0.5295175974478722 -0.09127521473965643 -0.10505430326480732 -0.1141216834156508; 0.004372138031521594 0.04872186549064282 -0.056602222234964104 0.04640785960780868 -0.008400577658721237 -0.09127521473965643 0.10336400292857349 0.024413980815689316 0.02043757316880311; 0.003846494306538412 -0.07602669887341147 0.015505014241682852 0.037152792089537943 -0.05729160305881226 -0.10505430326480732 0.024413980815689316 0.17425701828234838 -0.010028874085444329; -0.07988166217442925 0.07431603389779481 -0.049281380508771316 0.012957909235831037 -0.06022501148053302 -0.1141216834156508 0.02043757316880311 -0.010028874085444329 0.22864707770705295], [0.15179577302070266 -0.08525630743817836 -0.06675970851103157 -0.03481535728662112 0.028581947929552914 0.027228160292540625 0.042336864087605945 -0.10227783046583479 -0.019147410572596876; -0.08525630743817836 0.36878201625580936 0.10036111132409699 0.0009604403318983677 0.05181969279589782 -0.11350959908507875 -0.03817633900650076 0.3057702270808899 -0.006794502311892167; -0.06675970851103157 0.10036111132409699 0.2736460800719061 0.0869629107327567 -0.01182088767788671 -0.0095900556148267 -0.015870456167244328 0.01781829141061946 0.03225368752440808; -0.03481535728662112 0.0009604403318983677 0.0869629107327567 0.1929080040731321 -0.013135290867386235 0.05227838191329464 -0.08404854533998804 0.004372405560627535 0.10990023785369492; 0.028581947929552914 0.05181969279589782 -0.01182088767788671 -0.013135290867386235 0.2719999109115139 -0.05619426852914634 0.04814915236466063 0.04417764512051359 0.11827037361880757; 0.027228160292540625 -0.11350959908507875 -0.0095900556148267 0.05227838191329464 -0.05619426852914634 0.08774942257927576 0.0138250888819365 -0.07383085789347654 0.024982721966219208; 0.042336864087605945 -0.03817633900650076 -0.015870456167244328 -0.08404854533998804 0.04814915236466063 0.0138250888819365 0.1503674882144721 -0.05644743291077524 0.07937572431015984; -0.10227783046583479 0.3057702270808899 0.01781829141061946 0.004372405560627535 0.04417764512051359 -0.07383085789347654 -0.05644743291077524 0.3355442611802491 -0.024470011637600313; -0.019147410572596876 -0.006794502311892167 0.03225368752440808 0.10990023785369492 0.11827037361880757 0.024982721966219208 0.07937572431015984 -0.024470011637600313 0.2792593802348496], [0.35884499514701684 -0.05699892200544054 -0.21547621885860294 0.05981449317340072 0.003449779313439172 0.010787304945462694 0.08831074791983363 -0.02122874907376286 0.061380820212527776; -0.05699892200544054 0.35212219798915706 0.02554313928869592 -0.0440336359959163 -0.1101367303274505 0.10067290577299558 0.031156295312114734 0.11063332267792758 0.09322217407810549; -0.21547621885860294 0.02554313928869592 0.23879258360054953 -0.0016947022669018576 -0.015286823648128667 0.0395535131122896 -0.12457690469749264 0.04395977751567481 -0.08202742867378439; 0.05981449317340072 -0.0440336359959163 -0.0016947022669018576 0.14997010330439528 0.05680528444890716 0.04855298772846422 0.01638504460504223 0.01594914105442504 -0.016483207560737484; 0.003449779313439172 -0.1101367303274505 -0.015286823648128667 0.05680528444890716 0.11568008511136046 -0.05971868357854936 0.010268855766451692 -0.010914286344296203 -0.05668797429135201; 0.010787304945462694 0.10067290577299558 0.0395535131122896 0.04855298772846422 -0.05971868357854936 0.44089170966312513 0.0855330510690401 0.11935588509898647 0.08811273418921453; 0.08831074791983363 0.031156295312114734 -0.12457690469749264 0.01638504460504223 0.010268855766451692 0.0855330510690401 0.16292646839786473 0.027360921628960387 0.0975793508202954; -0.02122874907376286 0.11063332267792758 0.04395977751567481 0.01594914105442504 -0.010914286344296203 0.11935588509898647 0.027360921628960387 0.1673178581881242 0.04443743853395972; 0.061380820212527776 0.09322217407810549 -0.08202742867378439 -0.016483207560737484 -0.05668797429135201 0.08811273418921453 0.0975793508202954 0.04443743853395972 0.1386740884072207], [0.1165858294219774 0.01679279591192406 -0.018306194627154434 -0.06139692777548969 -0.02473206184555287 0.05490983591762067 0.016334741646388925 -0.008160470313185357 0.01692851133479809; 0.01679279591192406 0.23357389556292565 -0.0893437304242532 0.09012462153930184 -0.03607757775063673 0.012298806647304254 -0.007510185013507584 -0.043438970548532886 0.005099786648026468; -0.018306194627154434 -0.0893437304242532 0.2899124020217324 -0.1169056448909738 -0.0740943381371182 -0.09015071958039918 -0.002510796183024597 -0.08028690871320988 -0.07594946963105334; -0.06139692777548969 0.09012462153930184 -0.1169056448909738 0.263766099474785 -0.014172328129376627 0.13992395850745476 0.1528795518701128 0.10974051258707017 0.11215834140320996; -0.02473206184555287 -0.03607757775063673 -0.0740943381371182 -0.014172328129376627 0.31873720748560885 -0.021075978822954852 -0.052581565633687856 -0.07063100961316233 -0.06826898498320211; 0.05490983591762067 0.012298806647304254 -0.09015071958039918 0.13992395850745476 -0.021075978822954852 0.2309953691955331 0.11990148804131569 0.10522643687530761 0.14625894635996828; 0.016334741646388925 -0.007510185013507584 -0.002510796183024597 0.1528795518701128 -0.052581565633687856 0.11990148804131569 0.28892346779052097 0.03026651845975078 0.03249487714098783; -0.008160470313185357 -0.043438970548532886 -0.08028690871320988 0.10974051258707017 -0.07063100961316233 0.10522643687530761 0.03026651845975078 0.23678036334226224 0.1726359235816696; 0.01692851133479809 0.005099786648026468 -0.07594946963105334 0.11215834140320996 -0.06826898498320211 0.14625894635996828 0.03249487714098783 0.1726359235816696 0.17294012037320228]], [[0.40028531441896775 0.15942869551602318 0.12206363171271258 -0.035093086871706 -0.05532281768251136 -0.08086524391929106 -0.05868281747742922 -0.013117072499864208 0.004766368343859058; 0.15942869551602318 0.29636253924561906 0.010490559962058502 0.018862602065870974 -0.10338235389835597 0.012851221383380728 0.12164464970633923 0.031781756967274415 -0.08707654955997798; 0.12206363171271258 0.010490559962058502 0.08686938619524626 -0.03669391675078472 -0.04266076672807989 -0.024668303632109912 -0.040840628413678755 0.014527467246560925 0.02369559968152777; -0.035093086871706 0.018862602065870974 -0.03669391675078472 0.11747024330816247 -0.068929218167881 -0.04745190096902849 0.023896498806527392 0.08906738433022299 0.026248127097671912; -0.05532281768251136 -0.10338235389835597 -0.04266076672807989 -0.068929218167881 0.236082266390779 0.03113243713447385 -0.044970444214821624 -0.21894337435992967 -0.07292552115001605; -0.08086524391929106 0.012851221383380728 -0.024668303632109912 -0.04745190096902849 0.03113243713447385 0.2725347611126185 0.13132940032997598 0.0479731349205212 -0.034195878987625515; -0.05868281747742922 0.12164464970633923 -0.040840628413678755 0.023896498806527392 -0.044970444214821624 0.13132940032997598 0.1930998189424343 0.0778245038242434 -0.012470434952195852; -0.013117072499864208 0.031781756967274415 0.014527467246560925 0.08906738433022299 -0.21894337435992967 0.0479731349205212 0.0778245038242434 0.3026769497869254 0.14052398371483138; 0.004766368343859058 -0.08707654955997798 0.02369559968152777 0.026248127097671912 -0.07292552115001605 -0.034195878987625515 -0.012470434952195852 0.14052398371483138 0.20499805993851358], [0.42639273410968126 0.20335977407798325 -0.03888855360826838 0.010228717564079177 -0.09626951316194499 -0.061054508025451 -0.11279592079065426 -0.009536800753087764 -0.16311802647312923; 0.20335977407798325 0.3089968600313218 -0.04013518406210564 -0.06169137479575441 -0.02107766076944894 -0.04584748908354344 0.054967045633117606 0.1329398256192116 0.025665825309315732; -0.03888855360826838 -0.04013518406210564 0.19988152345915797 -0.1162004879047834 -0.1715011173289843 -0.0319920349442893 0.006629302318854288 0.07773850427007625 0.0010956152725469302; 0.010228717564079177 -0.06169137479575441 -0.1162004879047834 0.2105949259034966 0.08498428254671073 0.062065243250274765 0.01341840734762823 -0.15328010653585689 -0.026644690361209873; -0.09626951316194499 -0.02107766076944894 -0.1715011173289843 0.08498428254671073 0.22884429497472247 -0.0048361503283871265 0.026211488753406325 -0.02844000199122104 0.04980940709998136; -0.061054508025451 -0.04584748908354344 -0.0319920349442893 0.062065243250274765 -0.0048361503283871265 0.13600836616394757 0.005125741923068773 -0.04219887183268886 -0.028594712621109613; -0.11279592079065426 0.054967045633117606 0.006629302318854288 0.01341840734762823 0.026211488753406325 0.005125741923068773 0.12416453899429841 0.049992321960957604 0.10347690727969514; -0.009536800753087764 0.1329398256192116 0.07773850427007625 -0.15328010653585689 -0.02844000199122104 -0.04219887183268886 0.049992321960957604 0.23874809820617685 0.004180790429064775; -0.16311802647312923 0.025665825309315732 0.0010956152725469302 -0.026644690361209873 0.04980940709998136 -0.028594712621109613 0.10347690727969514 0.004180790429064775 0.1871925166695165], [0.3439326653257887 0.15121014116839307 0.005454089171399915 0.1207540336235264 0.11004897621550176 0.15191235063936204 -4.247194761937042e-5 -0.03607657495738667 -0.05518579644762746; 0.15121014116839307 0.1675536706033775 -0.0027699288255555055 0.04999358385405046 0.07578440427399573 0.13312105995312531 0.007946148012070945 -0.006987619699911012 0.016945852022152832; 0.005454089171399915 -0.0027699288255555055 0.14684957605714244 -0.08158002264941651 0.06561863869180398 0.01031463345001623 -0.11241065747011332 -0.10504292996939124 -0.004406028363791348; 0.1207540336235264 0.04999358385405046 -0.08158002264941651 0.20649032478706808 -0.15278945800651444 0.06243040054789308 0.0358464821527776 0.0774469872159085 0.037150210615190304; 0.11004897621550176 0.07578440427399573 0.06561863869180398 -0.15278945800651444 0.4016258906625698 0.08705237067485361 -0.014984961038324177 -0.17153762603742626 -0.07557358084726024; 0.15191235063936204 0.13312105995312531 0.01031463345001623 0.06243040054789308 0.08705237067485361 0.3047604476742305 -0.046723807029853535 0.032461504635184976 0.00792012118419309; -4.247194761937042e-5 0.007946148012070945 -0.11241065747011332 0.0358464821527776 -0.014984961038324177 -0.046723807029853535 0.15820786978829177 0.09400020668753635 0.01201859522719345; -0.03607657495738667 -0.006987619699911012 -0.10504292996939124 0.0774469872159085 -0.17153762603742626 0.032461504635184976 0.09400020668753635 0.189922436558405 0.03544073355982789; -0.05518579644762746 0.016945852022152832 -0.004406028363791348 0.037150210615190304 -0.07557358084726024 0.00792012118419309 0.01201859522719345 0.03544073355982789 0.1145072568684637], [0.4307730078393834 -0.13279424139819024 0.09079313749832095 0.027598701632394786 0.009316754713098743 -0.07875295217987789 0.18375625370523915 -0.11091791221985065 -0.09960331315207982; -0.13279424139819024 0.169380189191618 0.069962936071783 -0.04235168631131998 0.006098786821516392 -0.04681058847696143 -0.06423562485710695 0.00250967266372947 0.10698955864451938; 0.09079313749832095 0.069962936071783 0.24653860194597993 -0.0005861916283886742 0.08258360676784238 -0.12514382218069942 0.06971899245434934 -0.032502902631905334 0.05371625299661811; 0.027598701632394786 -0.04235168631131998 -0.0005861916283886742 0.14916551809422351 -0.053314610989444566 -0.06491193506008756 -0.00501769231011561 0.042286896148321464 -0.07966469058747824; 0.009316754713098743 0.006098786821516392 0.08258360676784238 -0.053314610989444566 0.13709813673153864 -0.0003311244138305697 0.08771773078943605 -0.028070988200608153 -0.020772905318028053; -0.07875295217987789 -0.04681058847696143 -0.12514382218069942 -0.06491193506008756 -0.0003311244138305697 0.15035695091708404 -0.04399257696311087 0.010191043313495811 -0.023311637459593974; 0.18375625370523915 -0.06423562485710695 0.06971899245434934 -0.00501769231011561 0.08771773078943605 -0.04399257696311087 0.2104961047335836 -0.07679676304587313 -0.13052909677261607; -0.11091791221985065 0.00250967266372947 -0.032502902631905334 0.042286896148321464 -0.028070988200608153 0.010191043313495811 -0.07679676304587313 0.12181703852564231 -0.09893536169676435; -0.09960331315207982 0.10698955864451938 0.05371625299661811 -0.07966469058747824 -0.020772905318028053 -0.023311637459593974 -0.13052909677261607 -0.09893536169676435 0.44033281250945294], [0.1861117600790572 -0.15014688061637588 -0.007533811229109526 -0.045214819268349346 0.015538105823499763 -0.016130442940131034 0.05356420881954764 -0.06004670402500956 -0.015057871908492332; -0.15014688061637588 0.24771116807498686 0.15133196641066585 -0.000879042028896909 -0.11553071776941823 -0.0269486829727586 -0.12397664687892115 0.06955712254289863 0.14909986605999861; -0.007533811229109526 0.15133196641066585 0.23843499544822366 -0.034644205729820333 -0.11654095617585024 -0.00438223680769514 -0.16784386381472816 0.013789772398086698 0.18887345816528653; -0.045214819268349346 -0.000879042028896909 -0.034644205729820333 0.1183007761865277 0.08196735478172558 0.08285415373616532 0.06081860611070145 0.011573744395008596 -0.02267319050411163; 0.015538105823499763 -0.11553071776941823 -0.11654095617585024 0.08196735478172558 0.2856771247290668 -0.03515465311151346 0.14123279857817894 -0.1026788794080575 -0.032211581717984786; -0.016130442940131034 -0.0269486829727586 -0.00438223680769514 0.08285415373616532 -0.03515465311151346 0.2034465329164153 -0.04010780783222263 0.0617075810892817 -0.06992440292337741; 0.05356420881954764 -0.12397664687892115 -0.16784386381472816 0.06081860611070145 0.14123279857817894 -0.04010780783222263 0.2725795667950929 -0.011230156519815926 -0.11132247343123629; -0.06004670402500956 0.06955712254289863 0.013789772398086698 0.011573744395008596 -0.1026788794080575 0.0617075810892817 -0.011230156519815926 0.11095571985513317 -0.06498656359769733; -0.015057871908492332 0.14909986605999861 0.18887345816528653 -0.02267319050411163 -0.032211581717984786 -0.06992440292337741 -0.11132247343123629 -0.06498656359769733 0.2964136628951643], [0.07504848025300657 -0.028750574863072004 -0.01168212013350157 0.017034660883628285 0.07656608163966694 0.043988808879375944 -0.0248879150564626 -0.025790560011914442 -0.06416374050285363; -0.028750574863072004 0.36209724428256296 -0.058188875727700574 -0.0033360360105476826 -0.05102676222826232 0.08046560882248421 -0.007768772012904642 0.0635493565421745 0.01616452219335418; -0.01168212013350157 -0.058188875727700574 0.11205748046210016 0.011160894582883035 -0.022150963357897267 -0.014587060329578747 -0.08613357154046981 -0.012817615294571035 -0.05455681137690384; 0.017034660883628285 -0.0033360360105476826 0.011160894582883035 0.1105159854127131 -0.0817113562384768 -0.06338230086551772 -0.0458877039013285 -0.0019013801930323868 -0.014853373495671793; 0.07656608163966694 -0.05102676222826232 -0.022150963357897267 -0.0817113562384768 0.1797840890519933 0.09162729829859675 0.018481346624659913 -0.03944846822377513 -0.07379743505648224; 0.043988808879375944 0.08046560882248421 -0.014587060329578747 -0.06338230086551772 0.09162729829859675 0.3620819196822481 0.16221311756516157 0.1767559046708782 0.060572468706409005; -0.0248879150564626 -0.007768772012904642 -0.08613357154046981 -0.0458877039013285 0.018481346624659913 0.16221311756516157 0.4325406284142044 0.113876